%%MatrixMarket matrix coordinate real general
%-------------------------------------------------------------------------------
% UF Sparse Matrix Collection, Tim Davis
% http://www.cise.ufl.edu/research/sparse/matrices/Bai/dwa512
% name: Bai/dwa512
% [SQUARE DIELECTRIC WAVEGUIDE, H. DONG]
% id: 1616
% date: 1993
% author: H. Dong
% ed: Z. Bai, D. Day, J. Demmel, J. Dongarra
% fields: name title A id date author ed kind
% kind: electromagnetics problem
%-------------------------------------------------------------------------------
512 512 2480
1 1 .066548632875372
2 1 .002792307308737
17 1 .002792307308737
1 2 .002792307308737
2 2 .062307136537207
3 2 .0081273986713854
18 2 .002792307308737
2 3 .0081273986713854
3 3 .039608954369245
4 3 .028321681736464
19 3 .002792307308737
3 4 .028321681736464
4 4 -.039487779696554
5 4 .098693036826855
20 4 .002792307308737
4 5 .098693036826855
5 5 -.31511748843625
6 5 .30136391034561
21 5 .002792307308737
5 6 .30136391034561
6 6 -.65016412081964
7 6 .36080318809611
22 6 .002792307308737
6 7 .36080318809611
7 7 -.65016412081964
8 7 .36080318809611
23 7 .002792307308737
7 8 .36080318809611
8 8 -.65016412081964
9 8 .36080318809611
24 8 .002792307308737
8 9 .36080318809611
9 9 -.65016412081964
10 9 .36080318809611
25 9 .002792307308737
9 10 .36080318809611
10 10 -.65016412081964
11 10 .36080318809611
26 10 .002792307308737
10 11 .36080318809611
11 11 -.65016412081964
12 11 .30136391034561
27 11 .002792307308737
11 12 .30136391034561
12 12 -.31511748843625
13 12 .098693036826855
28 12 .002792307308737
12 13 .098693036826855
13 13 -.039487779696554
14 13 .028321681736464
29 13 .002792307308737
13 14 .028321681736464
14 14 .039608954369245
15 14 .0081273986713854
30 14 .002792307308737
14 15 .0081273986713854
15 15 .062307136537207
16 15 .002792307308737
31 15 .002792307308737
15 16 .002792307308737
16 16 .066548632875372
32 16 .002792307308737
1 17 .002792307308737
17 17 .062307136537207
18 17 .002792307308737
33 17 .0081273986713854
2 18 .002792307308737
17 18 .002792307308737
18 18 .058065640199043
19 18 .0081273986713854
34 18 .0081273986713854
3 19 .002792307308737
18 19 .0081273986713854
19 19 .035367458031081
20 19 .028321681736464
35 19 .0081273986713854
4 20 .002792307308737
19 20 .028321681736464
20 20 -.043729276034719
21 20 .098693036826855
36 20 .0081273986713854
5 21 .002792307308737
20 21 .098693036826855
21 21 -.31935898477441
22 21 .30136391034561
37 21 .0081273986713854
6 22 .002792307308737
21 22 .30136391034561
22 22 -.6544056171578
23 22 .36080318809611
38 22 .0081273986713854
7 23 .002792307308737
22 23 .36080318809611
23 23 -.6544056171578
24 23 .36080318809611
39 23 .0081273986713854
8 24 .002792307308737
23 24 .36080318809611
24 24 -.6544056171578
25 24 .36080318809611
40 24 .0081273986713854
9 25 .002792307308737
24 25 .36080318809611
25 25 -.6544056171578
26 25 .36080318809611
41 25 .0081273986713854
10 26 .002792307308737
25 26 .36080318809611
26 26 -.6544056171578
27 26 .36080318809611
42 26 .0081273986713854
11 27 .002792307308737
26 27 .36080318809611
27 27 -.6544056171578
28 27 .30136391034561
43 27 .0081273986713854
12 28 .002792307308737
27 28 .30136391034561
28 28 -.31935898477441
29 28 .098693036826855
44 28 .0081273986713854
13 29 .002792307308737
28 29 .098693036826855
29 29 -.043729276034719
30 29 .028321681736464
45 29 .0081273986713854
14 30 .002792307308737
29 30 .028321681736464
30 30 .035367458031081
31 30 .0081273986713854
46 30 .0081273986713854
15 31 .002792307308737
30 31 .0081273986713854
31 31 .058065640199043
32 31 .002792307308737
47 31 .0081273986713854
16 32 .002792307308737
31 32 .002792307308737
32 32 .062307136537207
48 32 .0081273986713854
17 33 .0081273986713854
33 33 .039608954369245
34 33 .002792307308737
49 33 .028321681736464
18 34 .0081273986713854
33 34 .002792307308737
34 34 .035367458031081
35 34 .0081273986713854
50 34 .028321681736464
19 35 .0081273986713854
34 35 .0081273986713854
35 35 .012669275863119
36 35 .028321681736464
51 35 .028321681736464
20 36 .0081273986713854
35 36 .028321681736464
36 36 -.066427458202681
37 36 .098693036826855
52 36 .028321681736464
21 37 .0081273986713854
36 37 .098693036826855
37 37 -.34205716694237
38 37 .30136391034561
53 37 .028321681736464
22 38 .0081273986713854
37 38 .30136391034561
38 38 -.67710379932577
39 38 .36080318809611
54 38 .028321681736464
23 39 .0081273986713854
38 39 .36080318809611
39 39 -.67710379932577
40 39 .36080318809611
55 39 .028321681736464
24 40 .0081273986713854
39 40 .36080318809611
40 40 -.67710379932577
41 40 .36080318809611
56 40 .028321681736464
25 41 .0081273986713854
40 41 .36080318809611
41 41 -.67710379932577
42 41 .36080318809611
57 41 .028321681736464
26 42 .0081273986713854
41 42 .36080318809611
42 42 -.67710379932577
43 42 .36080318809611
58 42 .028321681736464
27 43 .0081273986713854
42 43 .36080318809611
43 43 -.67710379932577
44 43 .30136391034561
59 43 .028321681736464
28 44 .0081273986713854
43 44 .30136391034561
44 44 -.34205716694237
45 44 .098693036826855
60 44 .028321681736464
29 45 .0081273986713854
44 45 .098693036826855
45 45 -.066427458202681
46 45 .028321681736464
61 45 .028321681736464
30 46 .0081273986713854
45 46 .028321681736464
46 46 .012669275863119
47 46 .0081273986713854
62 46 .028321681736464
31 47 .0081273986713854
46 47 .0081273986713854
47 47 .035367458031081
48 47 .002792307308737
63 47 .028321681736464
32 48 .0081273986713854
47 48 .002792307308737
48 48 .039608954369245
64 48 .028321681736464
33 49 .028321681736464
49 49 -.039487779696554
50 49 .002792307308737
65 49 .098693036826855
34 50 .028321681736464
49 50 .002792307308737
50 50 -.043729276034719
51 50 .0081273986713854
66 50 .098693036826855
35 51 .028321681736464
50 51 .0081273986713854
51 51 -.066427458202681
52 51 .028321681736464
67 51 .098693036826855
36 52 .028321681736464
51 52 .028321681736464
52 52 -.14552419226848
53 52 .098693036826855
68 52 .098693036826855
37 53 .028321681736464
52 53 .098693036826855
53 53 -.42115390100817
54 53 .30136391034561
69 53 .098693036826855
38 54 .028321681736464
53 54 .30136391034561
54 54 -.75620053339157
55 54 .36080318809611
70 54 .098693036826855
39 55 .028321681736464
54 55 .36080318809611
55 55 -.75620053339157
56 55 .36080318809611
71 55 .098693036826855
40 56 .028321681736464
55 56 .36080318809611
56 56 -.75620053339157
57 56 .36080318809611
72 56 .098693036826855
41 57 .028321681736464
56 57 .36080318809611
57 57 -.75620053339157
58 57 .36080318809611
73 57 .098693036826855
42 58 .028321681736464
57 58 .36080318809611
58 58 -.75620053339157
59 58 .36080318809611
74 58 .098693036826855
43 59 .028321681736464
58 59 .36080318809611
59 59 -.75620053339157
60 59 .30136391034561
75 59 .098693036826855
44 60 .028321681736464
59 60 .30136391034561
60 60 -.42115390100817
61 60 .098693036826855
76 60 .098693036826855
45 61 .028321681736464
60 61 .098693036826855
61 61 -.14552419226848
62 61 .028321681736464
77 61 .098693036826855
46 62 .028321681736464
61 62 .028321681736464
62 62 -.066427458202681
63 62 .0081273986713854
78 62 .098693036826855
47 63 .028321681736464
62 63 .0081273986713854
63 63 -.043729276034719
64 63 .002792307308737
79 63 .098693036826855
48 64 .028321681736464
63 64 .002792307308737
64 64 -.039487779696554
80 64 .098693036826855
49 65 .098693036826855
65 65 -.31511748843625
66 65 .002792307308737
81 65 .30136391034561
50 66 .098693036826855
65 66 .002792307308737
66 66 -.31935898477441
67 66 .0081273986713854
82 66 .30136391034561
51 67 .098693036826855
66 67 .0081273986713854
67 67 -.34205716694237
68 67 .028321681736464
83 67 .30136391034561
52 68 .098693036826855
67 68 .028321681736464
68 68 -.42115390100817
69 68 .098693036826855
84 68 .30136391034561
53 69 .098693036826855
68 69 .098693036826855
69 69 -.69678360974787
70 69 .30136391034561
85 69 .30136391034561
54 70 .098693036826855
69 70 .30136391034561
70 70 -1.0318302421313
71 70 .36080318809611
86 70 .57333580747311
55 71 .098693036826855
70 71 .36080318809611
71 71 -1.0318302421313
72 71 .36080318809611
87 71 .78153810164582
56 72 .098693036826855
71 72 .36080318809611
72 72 -1.0318302421313
73 72 .36080318809611
88 72 .78153810164582
57 73 .098693036826855
72 73 .36080318809611
73 73 -1.0318302421313
74 73 .36080318809611
89 73 .78153810164582
58 74 .098693036826855
73 74 .36080318809611
74 74 -1.0318302421313
75 74 .36080318809611
90 74 .78153810164582
59 75 .098693036826855
74 75 .36080318809611
75 75 -1.0318302421313
76 75 .30136391034561
91 75 .57333580747311
60 76 .098693036826855
75 76 .30136391034561
76 76 -.69678360974787
77 76 .098693036826855
92 76 .30136391034561
61 77 .098693036826855
76 77 .098693036826855
77 77 -.42115390100817
78 77 .028321681736464
93 77 .30136391034561
62 78 .098693036826855
77 78 .028321681736464
78 78 -.34205716694237
79 78 .0081273986713854
94 78 .30136391034561
63 79 .098693036826855
78 79 .0081273986713854
79 79 -.31935898477441
80 79 .002792307308737
95 79 .30136391034561
64 80 .098693036826855
79 80 .002792307308737
80 80 -.31511748843625
96 80 .30136391034561
65 81 .30136391034561
81 81 -.65016412081964
82 81 .002792307308737
97 81 .36080318809611
66 82 .30136391034561
81 82 .002792307308737
82 82 -.6544056171578
83 82 .0081273986713854
98 82 .36080318809611
67 83 .30136391034561
82 83 .0081273986713854
83 83 -.67710379932577
84 83 .028321681736464
99 83 .36080318809611
68 84 .30136391034561
83 84 .028321681736464
84 84 -.75620053339157
85 84 .098693036826855
100 84 .36080318809611
69 85 .30136391034561
84 85 .098693036826855
85 85 -1.0318302421313
86 85 .36587123036905
101 85 .36080318809611
70 86 .24822997524891
85 86 .24822997524891
86 86 -1.3235911791509
87 86 .4147726223948
102 86 .29718942240998
342 86 -.40918156238003
358 86 -.35593962630527
71 87 .21593075727543
86 87 .31385615518376
87 87 -1.3013687807408
88 87 .36080318809611
103 87 .25851969316311
72 88 .21593075727543
87 88 .36080318809611
88 88 -1.3013687807408
89 88 .36080318809611
104 88 .25851969316311
73 89 .21593075727543
88 89 .36080318809611
89 89 -1.3013687807408
90 89 .36080318809611
105 89 .25851969316311
74 90 .21593075727543
89 90 .36080318809611
90 90 -1.3013687807408
91 90 .31385615518376
106 90 .25851969316311
75 91 .24822997524891
90 91 .4147726223948
91 91 -1.3235911791509
92 91 .24822997524891
107 91 .29718942240998
347 91 .40918156238003
363 91 .35593962630527
76 92 .30136391034561
91 92 .36587123036905
92 92 -1.0318302421313
93 92 .098693036826855
108 92 .36080318809611
77 93 .30136391034561
92 93 .098693036826855
93 93 -.75620053339157
94 93 .028321681736464
109 93 .36080318809611
78 94 .30136391034561
93 94 .028321681736464
94 94 -.67710379932577
95 94 .0081273986713854
110 94 .36080318809611
79 95 .30136391034561
94 95 .0081273986713854
95 95 -.6544056171578
96 95 .002792307308737
111 95 .36080318809611
80 96 .30136391034561
95 96 .002792307308737
96 96 -.65016412081964
112 96 .36080318809611
81 97 .36080318809611
97 97 -.65016412081964
98 97 .002792307308737
113 97 .36080318809611
82 98 .36080318809611
97 98 .002792307308737
98 98 -.6544056171578
99 98 .0081273986713854
114 98 .36080318809611
83 99 .36080318809611
98 99 .0081273986713854
99 99 -.67710379932577
100 99 .028321681736464
115 99 .36080318809611
84 100 .36080318809611
99 100 .028321681736464
100 100 -.75620053339157
101 100 .098693036826855
116 100 .36080318809611
85 101 .36080318809611
100 101 .098693036826855
101 101 -1.0318302421313
102 101 .30136391034561
117 101 .36080318809611
86 102 .18964986699336
101 102 .30136391034561
102 102 -.90504481344955
103 102 .36080318809611
118 102 .36080318809611
342 102 .49676738498855
374 102 -.43212894624331
87 103 .071426272113629
102 103 .36080318809611
103 103 -.44321275238445
104 103 .36080318809611
119 103 .36080318809611
88 104 .071426272113629
103 104 .36080318809611
104 104 -.44321275238445
105 104 .36080318809611
120 104 .36080318809611
89 105 .071426272113629
104 105 .36080318809611
105 105 -.44321275238445
106 105 .36080318809611
121 105 .36080318809611
90 106 .071426272113629
105 106 .36080318809611
106 106 -.44321275238445
107 106 .36080318809611
122 106 .36080318809611
91 107 .18964986699336
106 107 .36080318809611
107 107 -.90504481344955
108 107 .30136391034561
123 107 .36080318809611
347 107 -.49676738498855
379 107 .43212894624331
92 108 .36080318809611
107 108 .30136391034561
108 108 -1.0318302421313
109 108 .098693036826855
124 108 .36080318809611
93 109 .36080318809611
108 109 .098693036826855
109 109 -.75620053339157
110 109 .028321681736464
125 109 .36080318809611
94 110 .36080318809611
109 110 .028321681736464
110 110 -.67710379932577
111 110 .0081273986713854
126 110 .36080318809611
95 111 .36080318809611
110 111 .0081273986713854
111 111 -.6544056171578
112 111 .002792307308737
127 111 .36080318809611
96 112 .36080318809611
111 112 .002792307308737
112 112 -.65016412081964
128 112 .36080318809611
97 113 .36080318809611
113 113 -.65016412081964
114 113 .002792307308737
129 113 .36080318809611
98 114 .36080318809611
113 114 .002792307308737
114 114 -.6544056171578
115 114 .0081273986713854
130 114 .36080318809611
99 115 .36080318809611
114 115 .0081273986713854
115 115 -.67710379932577
116 115 .028321681736464
131 115 .36080318809611
100 116 .36080318809611
115 116 .028321681736464
116 116 -.75620053339157
117 116 .098693036826855
132 116 .36080318809611
101 117 .36080318809611
116 117 .098693036826855
117 117 -1.0318302421313
118 117 .30136391034561
133 117 .36080318809611
102 118 .36080318809611
117 118 .30136391034561
118 118 -.90504481344955
119 118 .36080318809611
134 118 .36080318809611
358 118 .43212894624331
390 118 -.43212894624331
103 119 .36080318809611
118 119 .36080318809611
119 119 -.44321275238445
120 119 .36080318809611
135 119 .36080318809611
104 120 .36080318809611
119 120 .36080318809611
120 120 -.44321275238445
121 120 .36080318809611
136 120 .36080318809611
105 121 .36080318809611
120 121 .36080318809611
121 121 -.44321275238445
122 121 .36080318809611
137 121 .36080318809611
106 122 .36080318809611
121 122 .36080318809611
122 122 -.44321275238445
123 122 .36080318809611
138 122 .36080318809611
107 123 .36080318809611
122 123 .36080318809611
123 123 -.90504481344955
124 123 .30136391034561
139 123 .36080318809611
363 123 -.43212894624331
395 123 .43212894624331
108 124 .36080318809611
123 124 .30136391034561
124 124 -1.0318302421313
125 124 .098693036826855
140 124 .36080318809611
109 125 .36080318809611
124 125 .098693036826855
125 125 -.75620053339157
126 125 .028321681736464
141 125 .36080318809611
110 126 .36080318809611
125 126 .028321681736464
126 126 -.67710379932577
127 126 .0081273986713854
142 126 .36080318809611
111 127 .36080318809611
126 127 .0081273986713854
127 127 -.6544056171578
128 127 .002792307308737
143 127 .36080318809611
112 128 .36080318809611
127 128 .002792307308737
128 128 -.65016412081964
144 128 .36080318809611
113 129 .36080318809611
129 129 -.65016412081964
130 129 .002792307308737
145 129 .36080318809611
114 130 .36080318809611
129 130 .002792307308737
130 130 -.6544056171578
131 130 .0081273986713854
146 130 .36080318809611
115 131 .36080318809611
130 131 .0081273986713854
131 131 -.67710379932577
132 131 .028321681736464
147 131 .36080318809611
116 132 .36080318809611
131 132 .028321681736464
132 132 -.75620053339157
133 132 .098693036826855
148 132 .36080318809611
117 133 .36080318809611
132 133 .098693036826855
133 133 -1.0318302421313
134 133 .30136391034561
149 133 .36080318809611
118 134 .36080318809611
133 134 .30136391034561
134 134 -.90504481344955
135 134 .36080318809611
150 134 .36080318809611
374 134 .43212894624331
406 134 -.43212894624331
119 135 .36080318809611
134 135 .36080318809611
135 135 -.44321275238445
136 135 .36080318809611
151 135 .36080318809611
120 136 .36080318809611
135 136 .36080318809611
136 136 -.44321275238445
137 136 .36080318809611
152 136 .36080318809611
121 137 .36080318809611
136 137 .36080318809611
137 137 -.44321275238445
138 137 .36080318809611
153 137 .36080318809611
122 138 .36080318809611
137 138 .36080318809611
138 138 -.44321275238445
139 138 .36080318809611
154 138 .36080318809611
123 139 .36080318809611
138 139 .36080318809611
139 139 -.90504481344955
140 139 .30136391034561
155 139 .36080318809611
379 139 -.43212894624331
411 139 .43212894624331
124 140 .36080318809611
139 140 .30136391034561
140 140 -1.0318302421313
141 140 .098693036826855
156 140 .36080318809611
125 141 .36080318809611
140 141 .098693036826855
141 141 -.75620053339157
142 141 .028321681736464
157 141 .36080318809611
126 142 .36080318809611
141 142 .028321681736464
142 142 -.67710379932577
143 142 .0081273986713854
158 142 .36080318809611
127 143 .36080318809611
142 143 .0081273986713854
143 143 -.6544056171578
144 143 .002792307308737
159 143 .36080318809611
128 144 .36080318809611
143 144 .002792307308737
144 144 -.65016412081964
160 144 .36080318809611
129 145 .36080318809611
145 145 -.65016412081964
146 145 .002792307308737
161 145 .36080318809611
130 146 .36080318809611
145 146 .002792307308737
146 146 -.6544056171578
147 146 .0081273986713854
162 146 .36080318809611
131 147 .36080318809611
146 147 .0081273986713854
147 147 -.67710379932577
148 147 .028321681736464
163 147 .36080318809611
132 148 .36080318809611
147 148 .028321681736464
148 148 -.75620053339157
149 148 .098693036826855
164 148 .36080318809611
133 149 .36080318809611
148 149 .098693036826855
149 149 -1.0318302421313
150 149 .30136391034561
165 149 .36080318809611
134 150 .36080318809611
149 150 .30136391034561
150 150 -.90504481344955
151 150 .36080318809611
166 150 .18964986699336
390 150 .43212894624331
422 150 -.49676738498855
135 151 .36080318809611
150 151 .36080318809611
151 151 -.44321275238445
152 151 .36080318809611
167 151 .071426272113629
136 152 .36080318809611
151 152 .36080318809611
152 152 -.44321275238445
153 152 .36080318809611
168 152 .071426272113629
137 153 .36080318809611
152 153 .36080318809611
153 153 -.44321275238445
154 153 .36080318809611
169 153 .071426272113629
138 154 .36080318809611
153 154 .36080318809611
154 154 -.44321275238445
155 154 .36080318809611
170 154 .071426272113629
139 155 .36080318809611
154 155 .36080318809611
155 155 -.90504481344955
156 155 .30136391034561
171 155 .18964986699336
395 155 -.43212894624331
427 155 .49676738498855
140 156 .36080318809611
155 156 .30136391034561
156 156 -1.0318302421313
157 156 .098693036826855
172 156 .36080318809611
141 157 .36080318809611
156 157 .098693036826855
157 157 -.75620053339157
158 157 .028321681736464
173 157 .36080318809611
142 158 .36080318809611
157 158 .028321681736464
158 158 -.67710379932577
159 158 .0081273986713854
174 158 .36080318809611
143 159 .36080318809611
158 159 .0081273986713854
159 159 -.6544056171578
160 159 .002792307308737
175 159 .36080318809611
144 160 .36080318809611
159 160 .002792307308737
160 160 -.65016412081964
176 160 .36080318809611
145 161 .36080318809611
161 161 -.65016412081964
162 161 .002792307308737
177 161 .30136391034561
146 162 .36080318809611
161 162 .002792307308737
162 162 -.6544056171578
163 162 .0081273986713854
178 162 .30136391034561
147 163 .36080318809611
162 163 .0081273986713854
163 163 -.67710379932577
164 163 .028321681736464
179 163 .30136391034561
148 164 .36080318809611
163 164 .028321681736464
164 164 -.75620053339157
165 164 .098693036826855
180 164 .30136391034561
149 165 .36080318809611
164 165 .098693036826855
165 165 -1.0318302421313
166 165 .36587123036905
181 165 .30136391034561
150 166 .29718942240998
165 166 .24822997524891
166 166 -1.3235911791509
167 166 .4147726223948
182 166 .24822997524891
406 166 .35593962630527
422 166 .40918156238003
151 167 .25851969316311
166 167 .31385615518376
167 167 -1.3013687807408
168 167 .36080318809611
183 167 .21593075727543
152 168 .25851969316311
167 168 .36080318809611
168 168 -1.3013687807408
169 168 .36080318809611
184 168 .21593075727543
153 169 .25851969316311
168 169 .36080318809611
169 169 -1.3013687807408
170 169 .36080318809611
185 169 .21593075727543
154 170 .25851969316311
169 170 .36080318809611
170 170 -1.3013687807408
171 170 .31385615518376
186 170 .21593075727543
155 171 .29718942240998
170 171 .4147726223948
171 171 -1.3235911791509
172 171 .24822997524891
187 171 .24822997524891
411 171 -.35593962630527
427 171 -.40918156238003
156 172 .36080318809611
171 172 .36587123036905
172 172 -1.0318302421313
173 172 .098693036826855
188 172 .30136391034561
157 173 .36080318809611
172 173 .098693036826855
173 173 -.75620053339157
174 173 .028321681736464
189 173 .30136391034561
158 174 .36080318809611
173 174 .028321681736464
174 174 -.67710379932577
175 174 .0081273986713854
190 174 .30136391034561
159 175 .36080318809611
174 175 .0081273986713854
175 175 -.6544056171578
176 175 .002792307308737
191 175 .30136391034561
160 176 .36080318809611
175 176 .002792307308737
176 176 -.65016412081964
192 176 .30136391034561
161 177 .30136391034561
177 177 -.31511748843625
178 177 .002792307308737
193 177 .098693036826855
162 178 .30136391034561
177 178 .002792307308737
178 178 -.31935898477441
179 178 .0081273986713854
194 178 .098693036826855
163 179 .30136391034561
178 179 .0081273986713854
179 179 -.34205716694237
180 179 .028321681736464
195 179 .098693036826855
164 180 .30136391034561
179 180 .028321681736464
180 180 -.42115390100817
181 180 .098693036826855
196 180 .098693036826855
165 181 .30136391034561
180 181 .098693036826855
181 181 -.69678360974787
182 181 .30136391034561
197 181 .098693036826855
166 182 .57333580747311
181 182 .30136391034561
182 182 -1.0318302421313
183 182 .36080318809611
198 182 .098693036826855
167 183 .78153810164582
182 183 .36080318809611
183 183 -1.0318302421313
184 183 .36080318809611
199 183 .098693036826855
168 184 .78153810164582
183 184 .36080318809611
184 184 -1.0318302421313
185 184 .36080318809611
200 184 .098693036826855
169 185 .78153810164582
184 185 .36080318809611
185 185 -1.0318302421313
186 185 .36080318809611
201 185 .098693036826855
170 186 .78153810164582
185 186 .36080318809611
186 186 -1.0318302421313
187 186 .36080318809611
202 186 .098693036826855
171 187 .57333580747311
186 187 .36080318809611
187 187 -1.0318302421313
188 187 .30136391034561
203 187 .098693036826855
172 188 .30136391034561
187 188 .30136391034561
188 188 -.69678360974787
189 188 .098693036826855
204 188 .098693036826855
173 189 .30136391034561
188 189 .098693036826855
189 189 -.42115390100817
190 189 .028321681736464
205 189 .098693036826855
174 190 .30136391034561
189 190 .028321681736464
190 190 -.34205716694237
191 190 .0081273986713854
206 190 .098693036826855
175 191 .30136391034561
190 191 .0081273986713854
191 191 -.31935898477441
192 191 .002792307308737
207 191 .098693036826855
176 192 .30136391034561
191 192 .002792307308737
192 192 -.31511748843625
208 192 .098693036826855
177 193 .098693036826855
193 193 -.039487779696554
194 193 .002792307308737
209 193 .028321681736464
178 194 .098693036826855
193 194 .002792307308737
194 194 -.043729276034719
195 194 .0081273986713854
210 194 .028321681736464
179 195 .098693036826855
194 195 .0081273986713854
195 195 -.066427458202681
196 195 .028321681736464
211 195 .028321681736464
180 196 .098693036826855
195 196 .028321681736464
196 196 -.14552419226848
197 196 .098693036826855
212 196 .028321681736464
181 197 .098693036826855
196 197 .098693036826855
197 197 -.42115390100817
198 197 .30136391034561
213 197 .028321681736464
182 198 .098693036826855
197 198 .30136391034561
198 198 -.75620053339157
199 198 .36080318809611
214 198 .028321681736464
183 199 .098693036826855
198 199 .36080318809611
199 199 -.75620053339157
200 199 .36080318809611
215 199 .028321681736464
184 200 .098693036826855
199 200 .36080318809611
200 200 -.75620053339157
201 200 .36080318809611
216 200 .028321681736464
185 201 .098693036826855
200 201 .36080318809611
201 201 -.75620053339157
202 201 .36080318809611
217 201 .028321681736464
186 202 .098693036826855
201 202 .36080318809611
202 202 -.75620053339157
203 202 .36080318809611
218 202 .028321681736464
187 203 .098693036826855
202 203 .36080318809611
203 203 -.75620053339157
204 203 .30136391034561
219 203 .028321681736464
188 204 .098693036826855
203 204 .30136391034561
204 204 -.42115390100817
205 204 .098693036826855
220 204 .028321681736464
189 205 .098693036826855
204 205 .098693036826855
205 205 -.14552419226848
206 205 .028321681736464
221 205 .028321681736464
190 206 .098693036826855
205 206 .028321681736464
206 206 -.066427458202681
207 206 .0081273986713854
222 206 .028321681736464
191 207 .098693036826855
206 207 .0081273986713854
207 207 -.043729276034719
208 207 .002792307308737
223 207 .028321681736464
192 208 .098693036826855
207 208 .002792307308737
208 208 -.039487779696554
224 208 .028321681736464
193 209 .028321681736464
209 209 .039608954369245
210 209 .002792307308737
225 209 .0081273986713854
194 210 .028321681736464
209 210 .002792307308737
210 210 .035367458031081
211 210 .0081273986713854
226 210 .0081273986713854
195 211 .028321681736464
210 211 .0081273986713854
211 211 .012669275863119
212 211 .028321681736464
227 211 .0081273986713854
196 212 .028321681736464
211 212 .028321681736464
212 212 -.066427458202681
213 212 .098693036826855
228 212 .0081273986713854
197 213 .028321681736464
212 213 .098693036826855
213 213 -.34205716694237
214 213 .30136391034561
229 213 .0081273986713854
198 214 .028321681736464
213 214 .30136391034561
214 214 -.67710379932577
215 214 .36080318809611
230 214 .0081273986713854
199 215 .028321681736464
214 215 .36080318809611
215 215 -.67710379932577
216 215 .36080318809611
231 215 .0081273986713854
200 216 .028321681736464
215 216 .36080318809611
216 216 -.67710379932577
217 216 .36080318809611
232 216 .0081273986713854
201 217 .028321681736464
216 217 .36080318809611
217 217 -.67710379932577
218 217 .36080318809611
233 217 .0081273986713854
202 218 .028321681736464
217 218 .36080318809611
218 218 -.67710379932577
219 218 .36080318809611
234 218 .0081273986713854
203 219 .028321681736464
218 219 .36080318809611
219 219 -.67710379932577
220 219 .30136391034561
235 219 .0081273986713854
204 220 .028321681736464
219 220 .30136391034561
220 220 -.34205716694237
221 220 .098693036826855
236 220 .0081273986713854
205 221 .028321681736464
220 221 .098693036826855
221 221 -.066427458202681
222 221 .028321681736464
237 221 .0081273986713854
206 222 .028321681736464
221 222 .028321681736464
222 222 .012669275863119
223 222 .0081273986713854
238 222 .0081273986713854
207 223 .028321681736464
222 223 .0081273986713854
223 223 .035367458031081
224 223 .002792307308737
239 223 .0081273986713854
208 224 .028321681736464
223 224 .002792307308737
224 224 .039608954369245
240 224 .0081273986713854
209 225 .0081273986713854
225 225 .062307136537207
226 225 .002792307308737
241 225 .002792307308737
210 226 .0081273986713854
225 226 .002792307308737
226 226 .058065640199043
227 226 .0081273986713854
242 226 .002792307308737
211 227 .0081273986713854
226 227 .0081273986713854
227 227 .035367458031081
228 227 .028321681736464
243 227 .002792307308737
212 228 .0081273986713854
227 228 .028321681736464
228 228 -.043729276034719
229 228 .098693036826855
244 228 .002792307308737
213 229 .0081273986713854
228 229 .098693036826855
229 229 -.31935898477441
230 229 .30136391034561
245 229 .002792307308737
214 230 .0081273986713854
229 230 .30136391034561
230 230 -.6544056171578
231 230 .36080318809611
246 230 .002792307308737
215 231 .0081273986713854
230 231 .36080318809611
231 231 -.6544056171578
232 231 .36080318809611
247 231 .002792307308737
216 232 .0081273986713854
231 232 .36080318809611
232 232 -.6544056171578
233 232 .36080318809611
248 232 .002792307308737
217 233 .0081273986713854
232 233 .36080318809611
233 233 -.6544056171578
234 233 .36080318809611
249 233 .002792307308737
218 234 .0081273986713854
233 234 .36080318809611
234 234 -.6544056171578
235 234 .36080318809611
250 234 .002792307308737
219 235 .0081273986713854
234 235 .36080318809611
235 235 -.6544056171578
236 235 .30136391034561
251 235 .002792307308737
220 236 .0081273986713854
235 236 .30136391034561
236 236 -.31935898477441
237 236 .098693036826855
252 236 .002792307308737
221 237 .0081273986713854
236 237 .098693036826855
237 237 -.043729276034719
238 237 .028321681736464
253 237 .002792307308737
222 238 .0081273986713854
237 238 .028321681736464
238 238 .035367458031081
239 238 .0081273986713854
254 238 .002792307308737
223 239 .0081273986713854
238 239 .0081273986713854
239 239 .058065640199043
240 239 .002792307308737
255 239 .002792307308737
224 240 .0081273986713854
239 240 .002792307308737
240 240 .062307136537207
256 240 .002792307308737
225 241 .002792307308737
241 241 .066548632875372
242 241 .002792307308737
226 242 .002792307308737
241 242 .002792307308737
242 242 .062307136537207
243 242 .0081273986713854
227 243 .002792307308737
242 243 .0081273986713854
243 243 .039608954369245
244 243 .028321681736464
228 244 .002792307308737
243 244 .028321681736464
244 244 -.039487779696554
245 244 .098693036826855
229 245 .002792307308737
244 245 .098693036826855
245 245 -.31511748843625
246 245 .30136391034561
230 246 .002792307308737
245 246 .30136391034561
246 246 -.65016412081964
247 246 .36080318809611
231 247 .002792307308737
246 247 .36080318809611
247 247 -.65016412081964
248 247 .36080318809611
232 248 .002792307308737
247 248 .36080318809611
248 248 -.65016412081964
249 248 .36080318809611
233 249 .002792307308737
248 249 .36080318809611
249 249 -.65016412081964
250 249 .36080318809611
234 250 .002792307308737
249 250 .36080318809611
250 250 -.65016412081964
251 250 .36080318809611
235 251 .002792307308737
250 251 .36080318809611
251 251 -.65016412081964
252 251 .30136391034561
236 252 .002792307308737
251 252 .30136391034561
252 252 -.31511748843625
253 252 .098693036826855
237 253 .002792307308737
252 253 .098693036826855
253 253 -.039487779696554
254 253 .028321681736464
238 254 .002792307308737
253 254 .028321681736464
254 254 .039608954369245
255 254 .0081273986713854
239 255 .002792307308737
254 255 .0081273986713854
255 255 .062307136537207
256 255 .002792307308737
240 256 .002792307308737
255 256 .002792307308737
256 256 .066548632875372
257 257 .066548632875372
258 257 .002792307308737
273 257 .002792307308737
257 258 .002792307308737
258 258 .062307136537207
259 258 .0081273986713854
274 258 .002792307308737
258 259 .0081273986713854
259 259 .039608954369245
260 259 .028321681736464
275 259 .002792307308737
259 260 .028321681736464
260 260 -.039487779696554
261 260 .098693036826855
276 260 .002792307308737
260 261 .098693036826855
261 261 -.31511748843625
262 261 .30136391034561
277 261 .002792307308737
261 262 .30136391034561
262 262 -.65016412081964
263 262 .36080318809611
278 262 .002792307308737
262 263 .36080318809611
263 263 -.65016412081964
264 263 .36080318809611
279 263 .002792307308737
263 264 .36080318809611
264 264 -.65016412081964
265 264 .36080318809611
280 264 .002792307308737
264 265 .36080318809611
265 265 -.65016412081964
266 265 .36080318809611
281 265 .002792307308737
265 266 .36080318809611
266 266 -.65016412081964
267 266 .36080318809611
282 266 .002792307308737
266 267 .36080318809611
267 267 -.65016412081964
268 267 .30136391034561
283 267 .002792307308737
267 268 .30136391034561
268 268 -.31511748843625
269 268 .098693036826855
284 268 .002792307308737
268 269 .098693036826855
269 269 -.039487779696554
270 269 .028321681736464
285 269 .002792307308737
269 270 .028321681736464
270 270 .039608954369245
271 270 .0081273986713854
286 270 .002792307308737
270 271 .0081273986713854
271 271 .062307136537207
272 271 .002792307308737
287 271 .002792307308737
271 272 .002792307308737
272 272 .066548632875372
288 272 .002792307308737
257 273 .002792307308737
273 273 .062307136537207
274 273 .002792307308737
289 273 .0081273986713854
258 274 .002792307308737
273 274 .002792307308737
274 274 .058065640199043
275 274 .0081273986713854
290 274 .0081273986713854
259 275 .002792307308737
274 275 .0081273986713854
275 275 .035367458031081
276 275 .028321681736464
291 275 .0081273986713854
260 276 .002792307308737
275 276 .028321681736464
276 276 -.043729276034719
277 276 .098693036826855
292 276 .0081273986713854
261 277 .002792307308737
276 277 .098693036826855
277 277 -.31935898477441
278 277 .30136391034561
293 277 .0081273986713854
262 278 .002792307308737
277 278 .30136391034561
278 278 -.6544056171578
279 278 .36080318809611
294 278 .0081273986713854
263 279 .002792307308737
278 279 .36080318809611
279 279 -.6544056171578
280 279 .36080318809611
295 279 .0081273986713854
264 280 .002792307308737
279 280 .36080318809611
280 280 -.6544056171578
281 280 .36080318809611
296 280 .0081273986713854
265 281 .002792307308737
280 281 .36080318809611
281 281 -.6544056171578
282 281 .36080318809611
297 281 .0081273986713854
266 282 .002792307308737
281 282 .36080318809611
282 282 -.6544056171578
283 282 .36080318809611
298 282 .0081273986713854
267 283 .002792307308737
282 283 .36080318809611
283 283 -.6544056171578
284 283 .30136391034561
299 283 .0081273986713854
268 284 .002792307308737
283 284 .30136391034561
284 284 -.31935898477441
285 284 .098693036826855
300 284 .0081273986713854
269 285 .002792307308737
284 285 .098693036826855
285 285 -.043729276034719
286 285 .028321681736464
301 285 .0081273986713854
270 286 .002792307308737
285 286 .028321681736464
286 286 .035367458031081
287 286 .0081273986713854
302 286 .0081273986713854
271 287 .002792307308737
286 287 .0081273986713854
287 287 .058065640199043
288 287 .002792307308737
303 287 .0081273986713854
272 288 .002792307308737
287 288 .002792307308737
288 288 .062307136537207
304 288 .0081273986713854
273 289 .0081273986713854
289 289 .039608954369245
290 289 .002792307308737
305 289 .028321681736464
274 290 .0081273986713854
289 290 .002792307308737
290 290 .035367458031081
291 290 .0081273986713854
306 290 .028321681736464
275 291 .0081273986713854
290 291 .0081273986713854
291 291 .012669275863119
292 291 .028321681736464
307 291 .028321681736464
276 292 .0081273986713854
291 292 .028321681736464
292 292 -.066427458202681
293 292 .098693036826855
308 292 .028321681736464
277 293 .0081273986713854
292 293 .098693036826855
293 293 -.34205716694237
294 293 .30136391034561
309 293 .028321681736464
278 294 .0081273986713854
293 294 .30136391034561
294 294 -.67710379932577
295 294 .36080318809611
310 294 .028321681736464
279 295 .0081273986713854
294 295 .36080318809611
295 295 -.67710379932577
296 295 .36080318809611
311 295 .028321681736464
280 296 .0081273986713854
295 296 .36080318809611
296 296 -.67710379932577
297 296 .36080318809611
312 296 .028321681736464
281 297 .0081273986713854
296 297 .36080318809611
297 297 -.67710379932577
298 297 .36080318809611
313 297 .028321681736464
282 298 .0081273986713854
297 298 .36080318809611
298 298 -.67710379932577
299 298 .36080318809611
314 298 .028321681736464
283 299 .0081273986713854
298 299 .36080318809611
299 299 -.67710379932577
300 299 .30136391034561
315 299 .028321681736464
284 300 .0081273986713854
299 300 .30136391034561
300 300 -.34205716694237
301 300 .098693036826855
316 300 .028321681736464
285 301 .0081273986713854
300 301 .098693036826855
301 301 -.066427458202681
302 301 .028321681736464
317 301 .028321681736464
286 302 .0081273986713854
301 302 .028321681736464
302 302 .012669275863119
303 302 .0081273986713854
318 302 .028321681736464
287 303 .0081273986713854
302 303 .0081273986713854
303 303 .035367458031081
304 303 .002792307308737
319 303 .028321681736464
288 304 .0081273986713854
303 304 .002792307308737
304 304 .039608954369245
320 304 .028321681736464
289 305 .028321681736464
305 305 -.039487779696554
306 305 .002792307308737
321 305 .098693036826855
290 306 .028321681736464
305 306 .002792307308737
306 306 -.043729276034719
307 306 .0081273986713854
322 306 .098693036826855
291 307 .028321681736464
306 307 .0081273986713854
307 307 -.066427458202681
308 307 .028321681736464
323 307 .098693036826855
292 308 .028321681736464
307 308 .028321681736464
308 308 -.14552419226848
309 308 .098693036826855
324 308 .098693036826855
293 309 .028321681736464
308 309 .098693036826855
309 309 -.42115390100817
310 309 .30136391034561
325 309 .098693036826855
294 310 .028321681736464
309 310 .30136391034561
310 310 -.75620053339157
311 310 .36080318809611
326 310 .098693036826855
295 311 .028321681736464
310 311 .36080318809611
311 311 -.75620053339157
312 311 .36080318809611
327 311 .098693036826855
296 312 .028321681736464
311 312 .36080318809611
312 312 -.75620053339157
313 312 .36080318809611
328 312 .098693036826855
297 313 .028321681736464
312 313 .36080318809611
313 313 -.75620053339157
314 313 .36080318809611
329 313 .098693036826855
298 314 .028321681736464
313 314 .36080318809611
314 314 -.75620053339157
315 314 .36080318809611
330 314 .098693036826855
299 315 .028321681736464
314 315 .36080318809611
315 315 -.75620053339157
316 315 .30136391034561
331 315 .098693036826855
300 316 .028321681736464
315 316 .30136391034561
316 316 -.42115390100817
317 316 .098693036826855
332 316 .098693036826855
301 317 .028321681736464
316 317 .098693036826855
317 317 -.14552419226848
318 317 .028321681736464
333 317 .098693036826855
302 318 .028321681736464
317 318 .028321681736464
318 318 -.066427458202681
319 318 .0081273986713854
334 318 .098693036826855
303 319 .028321681736464
318 319 .0081273986713854
319 319 -.043729276034719
320 319 .002792307308737
335 319 .098693036826855
304 320 .028321681736464
319 320 .002792307308737
320 320 -.039487779696554
336 320 .098693036826855
305 321 .098693036826855
321 321 -.31511748843625
322 321 .002792307308737
337 321 .30136391034561
306 322 .098693036826855
321 322 .002792307308737
322 322 -.31935898477441
323 322 .0081273986713854
338 322 .30136391034561
307 323 .098693036826855
322 323 .0081273986713854
323 323 -.34205716694237
324 323 .028321681736464
339 323 .30136391034561
308 324 .098693036826855
323 324 .028321681736464
324 324 -.42115390100817
325 324 .098693036826855
340 324 .30136391034561
309 325 .098693036826855
324 325 .098693036826855
325 325 -.69678360974787
326 325 .30136391034561
341 325 .30136391034561
310 326 .098693036826855
325 326 .30136391034561
326 326 -1.0318302421313
327 326 .36080318809611
342 326 .36587123036905
311 327 .098693036826855
326 327 .36080318809611
327 327 -1.0318302421313
328 327 .36080318809611
343 327 .30136391034561
312 328 .098693036826855
327 328 .36080318809611
328 328 -1.0318302421313
329 328 .36080318809611
344 328 .30136391034561
313 329 .098693036826855
328 329 .36080318809611
329 329 -1.0318302421313
330 329 .36080318809611
345 329 .30136391034561
314 330 .098693036826855
329 330 .36080318809611
330 330 -1.0318302421313
331 330 .36080318809611
346 330 .30136391034561
315 331 .098693036826855
330 331 .36080318809611
331 331 -1.0318302421313
332 331 .30136391034561
347 331 .36587123036905
316 332 .098693036826855
331 332 .30136391034561
332 332 -.69678360974787
333 332 .098693036826855
348 332 .30136391034561
317 333 .098693036826855
332 333 .098693036826855
333 333 -.42115390100817
334 333 .028321681736464
349 333 .30136391034561
318 334 .098693036826855
333 334 .028321681736464
334 334 -.34205716694237
335 334 .0081273986713854
350 334 .30136391034561
319 335 .098693036826855
334 335 .0081273986713854
335 335 -.31935898477441
336 335 .002792307308737
351 335 .30136391034561
320 336 .098693036826855
335 336 .002792307308737
336 336 -.31511748843625
352 336 .30136391034561
321 337 .30136391034561
337 337 -.65016412081964
338 337 .002792307308737
353 337 .36080318809611
322 338 .30136391034561
337 338 .002792307308737
338 338 -.6544056171578
339 338 .0081273986713854
354 338 .36080318809611
323 339 .30136391034561
338 339 .0081273986713854
339 339 -.67710379932577
340 339 .028321681736464
355 339 .36080318809611
324 340 .30136391034561
339 340 .028321681736464
340 340 -.75620053339157
341 340 .098693036826855
356 340 .36080318809611
325 341 .30136391034561
340 341 .098693036826855
341 341 -1.0318302421313
342 341 .57333580747311
357 341 .36080318809611
86 342 -.40918156238003
87 342 -.35593962630527
326 342 .24822997524891
341 342 .24822997524891
342 342 -1.3235911791509
343 342 .29718942240998
358 342 .4147726223948
86 343 .49676738498855
88 343 -.43212894624331
327 343 .30136391034561
342 343 .18964986699336
343 343 -.90504481344955
344 343 .36080318809611
359 343 .36080318809611
87 344 .43212894624331
89 344 -.43212894624331
328 344 .30136391034561
343 344 .36080318809611
344 344 -.90504481344955
345 344 .36080318809611
360 344 .36080318809611
88 345 .43212894624331
90 345 -.43212894624331
329 345 .30136391034561
344 345 .36080318809611
345 345 -.90504481344955
346 345 .36080318809611
361 345 .36080318809611
89 346 .43212894624331
91 346 -.49676738498855
330 346 .30136391034561
345 346 .36080318809611
346 346 -.90504481344955
347 346 .18964986699336
362 346 .36080318809611
90 347 .35593962630527
91 347 .40918156238003
331 347 .24822997524891
346 347 .29718942240998
347 347 -1.3235911791509
348 347 .24822997524891
363 347 .4147726223948
332 348 .30136391034561
347 348 .57333580747311
348 348 -1.0318302421313
349 348 .098693036826855
364 348 .36080318809611
333 349 .30136391034561
348 349 .098693036826855
349 349 -.75620053339157
350 349 .028321681736464
365 349 .36080318809611
334 350 .30136391034561
349 350 .028321681736464
350 350 -.67710379932577
351 350 .0081273986713854
366 350 .36080318809611
335 351 .30136391034561
350 351 .0081273986713854
351 351 -.6544056171578
352 351 .002792307308737
367 351 .36080318809611
336 352 .30136391034561
351 352 .002792307308737
352 352 -.65016412081964
368 352 .36080318809611
337 353 .36080318809611
353 353 -.65016412081964
354 353 .002792307308737
369 353 .36080318809611
338 354 .36080318809611
353 354 .002792307308737
354 354 -.6544056171578
355 354 .0081273986713854
370 354 .36080318809611
339 355 .36080318809611
354 355 .0081273986713854
355 355 -.67710379932577
356 355 .028321681736464
371 355 .36080318809611
340 356 .36080318809611
355 356 .028321681736464
356 356 -.75620053339157
357 356 .098693036826855
372 356 .36080318809611
341 357 .36080318809611
356 357 .098693036826855
357 357 -1.0318302421313
358 357 .78153810164582
373 357 .36080318809611
342 358 .31385615518376
357 358 .21593075727543
358 358 -1.3013687807408
359 358 .25851969316311
374 358 .36080318809611
343 359 .36080318809611
358 359 .071426272113629
359 359 -.44321275238445
360 359 .36080318809611
375 359 .36080318809611
344 360 .36080318809611
359 360 .36080318809611
360 360 -.44321275238445
361 360 .36080318809611
376 360 .36080318809611
345 361 .36080318809611
360 361 .36080318809611
361 361 -.44321275238445
362 361 .36080318809611
377 361 .36080318809611
346 362 .36080318809611
361 362 .36080318809611
362 362 -.44321275238445
363 362 .071426272113629
378 362 .36080318809611
347 363 .31385615518376
362 363 .25851969316311
363 363 -1.3013687807408
364 363 .21593075727543
379 363 .36080318809611
348 364 .36080318809611
363 364 .78153810164582
364 364 -1.0318302421313
365 364 .098693036826855
380 364 .36080318809611
349 365 .36080318809611
364 365 .098693036826855
365 365 -.75620053339157
366 365 .028321681736464
381 365 .36080318809611
350 366 .36080318809611
365 366 .028321681736464
366 366 -.67710379932577
367 366 .0081273986713854
382 366 .36080318809611
351 367 .36080318809611
366 367 .0081273986713854
367 367 -.6544056171578
368 367 .002792307308737
383 367 .36080318809611
352 368 .36080318809611
367 368 .002792307308737
368 368 -.65016412081964
384 368 .36080318809611
353 369 .36080318809611
369 369 -.65016412081964
370 369 .002792307308737
385 369 .36080318809611
354 370 .36080318809611
369 370 .002792307308737
370 370 -.6544056171578
371 370 .0081273986713854
386 370 .36080318809611
355 371 .36080318809611
370 371 .0081273986713854
371 371 -.67710379932577
372 371 .028321681736464
387 371 .36080318809611
356 372 .36080318809611
371 372 .028321681736464
372 372 -.75620053339157
373 372 .098693036826855
388 372 .36080318809611
357 373 .36080318809611
372 373 .098693036826855
373 373 -1.0318302421313
374 373 .78153810164582
389 373 .36080318809611
358 374 .36080318809611
373 374 .21593075727543
374 374 -1.3013687807408
375 374 .25851969316311
390 374 .36080318809611
359 375 .36080318809611
374 375 .071426272113629
375 375 -.44321275238445
376 375 .36080318809611
391 375 .36080318809611
360 376 .36080318809611
375 376 .36080318809611
376 376 -.44321275238445
377 376 .36080318809611
392 376 .36080318809611
361 377 .36080318809611
376 377 .36080318809611
377 377 -.44321275238445
378 377 .36080318809611
393 377 .36080318809611
362 378 .36080318809611
377 378 .36080318809611
378 378 -.44321275238445
379 378 .071426272113629
394 378 .36080318809611
363 379 .36080318809611
378 379 .25851969316311
379 379 -1.3013687807408
380 379 .21593075727543
395 379 .36080318809611
364 380 .36080318809611
379 380 .78153810164582
380 380 -1.0318302421313
381 380 .098693036826855
396 380 .36080318809611
365 381 .36080318809611
380 381 .098693036826855
381 381 -.75620053339157
382 381 .028321681736464
397 381 .36080318809611
366 382 .36080318809611
381 382 .028321681736464
382 382 -.67710379932577
383 382 .0081273986713854
398 382 .36080318809611
367 383 .36080318809611
382 383 .0081273986713854
383 383 -.6544056171578
384 383 .002792307308737
399 383 .36080318809611
368 384 .36080318809611
383 384 .002792307308737
384 384 -.65016412081964
400 384 .36080318809611
369 385 .36080318809611
385 385 -.65016412081964
386 385 .002792307308737
401 385 .36080318809611
370 386 .36080318809611
385 386 .002792307308737
386 386 -.6544056171578
387 386 .0081273986713854
402 386 .36080318809611
371 387 .36080318809611
386 387 .0081273986713854
387 387 -.67710379932577
388 387 .028321681736464
403 387 .36080318809611
372 388 .36080318809611
387 388 .028321681736464
388 388 -.75620053339157
389 388 .098693036826855
404 388 .36080318809611
373 389 .36080318809611
388 389 .098693036826855
389 389 -1.0318302421313
390 389 .78153810164582
405 389 .36080318809611
374 390 .36080318809611
389 390 .21593075727543
390 390 -1.3013687807408
391 390 .25851969316311
406 390 .36080318809611
375 391 .36080318809611
390 391 .071426272113629
391 391 -.44321275238445
392 391 .36080318809611
407 391 .36080318809611
376 392 .36080318809611
391 392 .36080318809611
392 392 -.44321275238445
393 392 .36080318809611
408 392 .36080318809611
377 393 .36080318809611
392 393 .36080318809611
393 393 -.44321275238445
394 393 .36080318809611
409 393 .36080318809611
378 394 .36080318809611
393 394 .36080318809611
394 394 -.44321275238445
395 394 .071426272113629
410 394 .36080318809611
379 395 .36080318809611
394 395 .25851969316311
395 395 -1.3013687807408
396 395 .21593075727543
411 395 .36080318809611
380 396 .36080318809611
395 396 .78153810164582
396 396 -1.0318302421313
397 396 .098693036826855
412 396 .36080318809611
381 397 .36080318809611
396 397 .098693036826855
397 397 -.75620053339157
398 397 .028321681736464
413 397 .36080318809611
382 398 .36080318809611
397 398 .028321681736464
398 398 -.67710379932577
399 398 .0081273986713854
414 398 .36080318809611
383 399 .36080318809611
398 399 .0081273986713854
399 399 -.6544056171578
400 399 .002792307308737
415 399 .36080318809611
384 400 .36080318809611
399 400 .002792307308737
400 400 -.65016412081964
416 400 .36080318809611
385 401 .36080318809611
401 401 -.65016412081964
402 401 .002792307308737
417 401 .36080318809611
386 402 .36080318809611
401 402 .002792307308737
402 402 -.6544056171578
403 402 .0081273986713854
418 402 .36080318809611
387 403 .36080318809611
402 403 .0081273986713854
403 403 -.67710379932577
404 403 .028321681736464
419 403 .36080318809611
388 404 .36080318809611
403 404 .028321681736464
404 404 -.75620053339157
405 404 .098693036826855
420 404 .36080318809611
389 405 .36080318809611
404 405 .098693036826855
405 405 -1.0318302421313
406 405 .78153810164582
421 405 .36080318809611
390 406 .36080318809611
405 406 .21593075727543
406 406 -1.3013687807408
407 406 .25851969316311
422 406 .31385615518376
391 407 .36080318809611
406 407 .071426272113629
407 407 -.44321275238445
408 407 .36080318809611
423 407 .36080318809611
392 408 .36080318809611
407 408 .36080318809611
408 408 -.44321275238445
409 408 .36080318809611
424 408 .36080318809611
393 409 .36080318809611
408 409 .36080318809611
409 409 -.44321275238445
410 409 .36080318809611
425 409 .36080318809611
394 410 .36080318809611
409 410 .36080318809611
410 410 -.44321275238445
411 410 .071426272113629
426 410 .36080318809611
395 411 .36080318809611
410 411 .25851969316311
411 411 -1.3013687807408
412 411 .21593075727543
427 411 .31385615518376
396 412 .36080318809611
411 412 .78153810164582
412 412 -1.0318302421313
413 412 .098693036826855
428 412 .36080318809611
397 413 .36080318809611
412 413 .098693036826855
413 413 -.75620053339157
414 413 .028321681736464
429 413 .36080318809611
398 414 .36080318809611
413 414 .028321681736464
414 414 -.67710379932577
415 414 .0081273986713854
430 414 .36080318809611
399 415 .36080318809611
414 415 .0081273986713854
415 415 -.6544056171578
416 415 .002792307308737
431 415 .36080318809611
400 416 .36080318809611
415 416 .002792307308737
416 416 -.65016412081964
432 416 .36080318809611
401 417 .36080318809611
417 417 -.65016412081964
418 417 .002792307308737
433 417 .30136391034561
402 418 .36080318809611
417 418 .002792307308737
418 418 -.6544056171578
419 418 .0081273986713854
434 418 .30136391034561
403 419 .36080318809611
418 419 .0081273986713854
419 419 -.67710379932577
420 419 .028321681736464
435 419 .30136391034561
404 420 .36080318809611
419 420 .028321681736464
420 420 -.75620053339157
421 420 .098693036826855
436 420 .30136391034561
405 421 .36080318809611
420 421 .098693036826855
421 421 -1.0318302421313
422 421 .57333580747311
437 421 .30136391034561
166 422 .40918156238003
167 422 .35593962630527
406 422 .4147726223948
421 422 .24822997524891
422 422 -1.3235911791509
423 422 .29718942240998
438 422 .24822997524891
166 423 -.49676738498855
168 423 .43212894624331
407 423 .36080318809611
422 423 .18964986699336
423 423 -.90504481344955
424 423 .36080318809611
439 423 .30136391034561
167 424 -.43212894624331
169 424 .43212894624331
408 424 .36080318809611
423 424 .36080318809611
424 424 -.90504481344955
425 424 .36080318809611
440 424 .30136391034561
168 425 -.43212894624331
170 425 .43212894624331
409 425 .36080318809611
424 425 .36080318809611
425 425 -.90504481344955
426 425 .36080318809611
441 425 .30136391034561
169 426 -.43212894624331
171 426 .49676738498855
410 426 .36080318809611
425 426 .36080318809611
426 426 -.90504481344955
427 426 .18964986699336
442 426 .30136391034561
170 427 -.35593962630527
171 427 -.40918156238003
411 427 .4147726223948
426 427 .29718942240998
427 427 -1.3235911791509
428 427 .24822997524891
443 427 .24822997524891
412 428 .36080318809611
427 428 .57333580747311
428 428 -1.0318302421313
429 428 .098693036826855
444 428 .30136391034561
413 429 .36080318809611
428 429 .098693036826855
429 429 -.75620053339157
430 429 .028321681736464
445 429 .30136391034561
414 430 .36080318809611
429 430 .028321681736464
430 430 -.67710379932577
431 430 .0081273986713854
446 430 .30136391034561
415 431 .36080318809611
430 431 .0081273986713854
431 431 -.6544056171578
432 431 .002792307308737
447 431 .30136391034561
416 432 .36080318809611
431 432 .002792307308737
432 432 -.65016412081964
448 432 .30136391034561
417 433 .30136391034561
433 433 -.31511748843625
434 433 .002792307308737
449 433 .098693036826855
418 434 .30136391034561
433 434 .002792307308737
434 434 -.31935898477441
435 434 .0081273986713854
450 434 .098693036826855
419 435 .30136391034561
434 435 .0081273986713854
435 435 -.34205716694237
436 435 .028321681736464
451 435 .098693036826855
420 436 .30136391034561
435 436 .028321681736464
436 436 -.42115390100817
437 436 .098693036826855
452 436 .098693036826855
421 437 .30136391034561
436 437 .098693036826855
437 437 -.69678360974787
438 437 .30136391034561
453 437 .098693036826855
422 438 .36587123036905
437 438 .30136391034561
438 438 -1.0318302421313
439 438 .36080318809611
454 438 .098693036826855
423 439 .30136391034561
438 439 .36080318809611
439 439 -1.0318302421313
440 439 .36080318809611
455 439 .098693036826855
424 440 .30136391034561
439 440 .36080318809611
440 440 -1.0318302421313
441 440 .36080318809611
456 440 .098693036826855
425 441 .30136391034561
440 441 .36080318809611
441 441 -1.0318302421313
442 441 .36080318809611
457 441 .098693036826855
426 442 .30136391034561
441 442 .36080318809611
442 442 -1.0318302421313
443 442 .36080318809611
458 442 .098693036826855
427 443 .36587123036905
442 443 .36080318809611
443 443 -1.0318302421313
444 443 .30136391034561
459 443 .098693036826855
428 444 .30136391034561
443 444 .30136391034561
444 444 -.69678360974787
445 444 .098693036826855
460 444 .098693036826855
429 445 .30136391034561
444 445 .098693036826855
445 445 -.42115390100817
446 445 .028321681736464
461 445 .098693036826855
430 446 .30136391034561
445 446 .028321681736464
446 446 -.34205716694237
447 446 .0081273986713854
462 446 .098693036826855
431 447 .30136391034561
446 447 .0081273986713854
447 447 -.31935898477441
448 447 .002792307308737
463 447 .098693036826855
432 448 .30136391034561
447 448 .002792307308737
448 448 -.31511748843625
464 448 .098693036826855
433 449 .098693036826855
449 449 -.039487779696554
450 449 .002792307308737
465 449 .028321681736464
434 450 .098693036826855
449 450 .002792307308737
450 450 -.043729276034719
451 450 .0081273986713854
466 450 .028321681736464
435 451 .098693036826855
450 451 .0081273986713854
451 451 -.066427458202681
452 451 .028321681736464
467 451 .028321681736464
436 452 .098693036826855
451 452 .028321681736464
452 452 -.14552419226848
453 452 .098693036826855
468 452 .028321681736464
437 453 .098693036826855
452 453 .098693036826855
453 453 -.42115390100817
454 453 .30136391034561
469 453 .028321681736464
438 454 .098693036826855
453 454 .30136391034561
454 454 -.75620053339157
455 454 .36080318809611
470 454 .028321681736464
439 455 .098693036826855
454 455 .36080318809611
455 455 -.75620053339157
456 455 .36080318809611
471 455 .028321681736464
440 456 .098693036826855
455 456 .36080318809611
456 456 -.75620053339157
457 456 .36080318809611
472 456 .028321681736464
441 457 .098693036826855
456 457 .36080318809611
457 457 -.75620053339157
458 457 .36080318809611
473 457 .028321681736464
442 458 .098693036826855
457 458 .36080318809611
458 458 -.75620053339157
459 458 .36080318809611
474 458 .028321681736464
443 459 .098693036826855
458 459 .36080318809611
459 459 -.75620053339157
460 459 .30136391034561
475 459 .028321681736464
444 460 .098693036826855
459 460 .30136391034561
460 460 -.42115390100817
461 460 .098693036826855
476 460 .028321681736464
445 461 .098693036826855
460 461 .098693036826855
461 461 -.14552419226848
462 461 .028321681736464
477 461 .028321681736464
446 462 .098693036826855
461 462 .028321681736464
462 462 -.066427458202681
463 462 .0081273986713854
478 462 .028321681736464
447 463 .098693036826855
462 463 .0081273986713854
463 463 -.043729276034719
464 463 .002792307308737
479 463 .028321681736464
448 464 .098693036826855
463 464 .002792307308737
464 464 -.039487779696554
480 464 .028321681736464
449 465 .028321681736464
465 465 .039608954369245
466 465 .002792307308737
481 465 .0081273986713854
450 466 .028321681736464
465 466 .002792307308737
466 466 .035367458031081
467 466 .0081273986713854
482 466 .0081273986713854
451 467 .028321681736464
466 467 .0081273986713854
467 467 .012669275863119
468 467 .028321681736464
483 467 .0081273986713854
452 468 .028321681736464
467 468 .028321681736464
468 468 -.066427458202681
469 468 .098693036826855
484 468 .0081273986713854
453 469 .028321681736464
468 469 .098693036826855
469 469 -.34205716694237
470 469 .30136391034561
485 469 .0081273986713854
454 470 .028321681736464
469 470 .30136391034561
470 470 -.67710379932577
471 470 .36080318809611
486 470 .0081273986713854
455 471 .028321681736464
470 471 .36080318809611
471 471 -.67710379932577
472 471 .36080318809611
487 471 .0081273986713854
456 472 .028321681736464
471 472 .36080318809611
472 472 -.67710379932577
473 472 .36080318809611
488 472 .0081273986713854
457 473 .028321681736464
472 473 .36080318809611
473 473 -.67710379932577
474 473 .36080318809611
489 473 .0081273986713854
458 474 .028321681736464
473 474 .36080318809611
474 474 -.67710379932577
475 474 .36080318809611
490 474 .0081273986713854
459 475 .028321681736464
474 475 .36080318809611
475 475 -.67710379932577
476 475 .30136391034561
491 475 .0081273986713854
460 476 .028321681736464
475 476 .30136391034561
476 476 -.34205716694237
477 476 .098693036826855
492 476 .0081273986713854
461 477 .028321681736464
476 477 .098693036826855
477 477 -.066427458202681
478 477 .028321681736464
493 477 .0081273986713854
462 478 .028321681736464
477 478 .028321681736464
478 478 .012669275863119
479 478 .0081273986713854
494 478 .0081273986713854
463 479 .028321681736464
478 479 .0081273986713854
479 479 .035367458031081
480 479 .002792307308737
495 479 .0081273986713854
464 480 .028321681736464
479 480 .002792307308737
480 480 .039608954369245
496 480 .0081273986713854
465 481 .0081273986713854
481 481 .062307136537207
482 481 .002792307308737
497 481 .002792307308737
466 482 .0081273986713854
481 482 .002792307308737
482 482 .058065640199043
483 482 .0081273986713854
498 482 .002792307308737
467 483 .0081273986713854
482 483 .0081273986713854
483 483 .035367458031081
484 483 .028321681736464
499 483 .002792307308737
468 484 .0081273986713854
483 484 .028321681736464
484 484 -.043729276034719
485 484 .098693036826855
500 484 .002792307308737
469 485 .0081273986713854
484 485 .098693036826855
485 485 -.31935898477441
486 485 .30136391034561
501 485 .002792307308737
470 486 .0081273986713854
485 486 .30136391034561
486 486 -.6544056171578
487 486 .36080318809611
502 486 .002792307308737
471 487 .0081273986713854
486 487 .36080318809611
487 487 -.6544056171578
488 487 .36080318809611
503 487 .002792307308737
472 488 .0081273986713854
487 488 .36080318809611
488 488 -.6544056171578
489 488 .36080318809611
504 488 .002792307308737
473 489 .0081273986713854
488 489 .36080318809611
489 489 -.6544056171578
490 489 .36080318809611
505 489 .002792307308737
474 490 .0081273986713854
489 490 .36080318809611
490 490 -.6544056171578
491 490 .36080318809611
506 490 .002792307308737
475 491 .0081273986713854
490 491 .36080318809611
491 491 -.6544056171578
492 491 .30136391034561
507 491 .002792307308737
476 492 .0081273986713854
491 492 .30136391034561
492 492 -.31935898477441
493 492 .098693036826855
508 492 .002792307308737
477 493 .0081273986713854
492 493 .098693036826855
493 493 -.043729276034719
494 493 .028321681736464
509 493 .002792307308737
478 494 .0081273986713854
493 494 .028321681736464
494 494 .035367458031081
495 494 .0081273986713854
510 494 .002792307308737
479 495 .0081273986713854
494 495 .0081273986713854
495 495 .058065640199043
496 495 .002792307308737
511 495 .002792307308737
480 496 .0081273986713854
495 496 .002792307308737
496 496 .062307136537207
512 496 .002792307308737
481 497 .002792307308737
497 497 .066548632875372
498 497 .002792307308737
482 498 .002792307308737
497 498 .002792307308737
498 498 .062307136537207
499 498 .0081273986713854
483 499 .002792307308737
498 499 .0081273986713854
499 499 .039608954369245
500 499 .028321681736464
484 500 .002792307308737
499 500 .028321681736464
500 500 -.039487779696554
501 500 .098693036826855
485 501 .002792307308737
500 501 .098693036826855
501 501 -.31511748843625
502 501 .30136391034561
486 502 .002792307308737
501 502 .30136391034561
502 502 -.65016412081964
503 502 .36080318809611
487 503 .002792307308737
502 503 .36080318809611
503 503 -.65016412081964
504 503 .36080318809611
488 504 .002792307308737
503 504 .36080318809611
504 504 -.65016412081964
505 504 .36080318809611
489 505 .002792307308737
504 505 .36080318809611
505 505 -.65016412081964
506 505 .36080318809611
490 506 .002792307308737
505 506 .36080318809611
506 506 -.65016412081964
507 506 .36080318809611
491 507 .002792307308737
506 507 .36080318809611
507 507 -.65016412081964
508 507 .30136391034561
492 508 .002792307308737
507 508 .30136391034561
508 508 -.31511748843625
509 508 .098693036826855
493 509 .002792307308737
508 509 .098693036826855
509 509 -.039487779696554
510 509 .028321681736464
494 510 .002792307308737
509 510 .028321681736464
510 510 .039608954369245
511 510 .0081273986713854
495 511 .002792307308737
510 511 .0081273986713854
511 511 .062307136537207
512 511 .002792307308737
496 512 .002792307308737
511 512 .002792307308737
512 512 .066548632875372
