%%MatrixMarket matrix coordinate pattern symmetric
%-------------------------------------------------------------------------------
% UF Sparse Matrix Collection, Tim Davis
% http://www.cise.ufl.edu/research/sparse/matrices/HB/jagmesh8
% name: HB/jagmesh8
% [SYMMETRIC PATTERN FROM ALAN GEORGE - 6 HOLE PROBLEM]
% id: 183
% date: 1978
% author: A. George
% ed: I. Duff, R. Grimes, J. Lewis
% fields: title A name id date author ed kind
% kind: 2D/3D problem
%-------------------------------------------------------------------------------
1141 1141 4303
1 1
2 1
18 1
29 1
2 2
3 2
18 2
19 2
29 2
40 2
3 3
4 3
19 3
20 3
40 3
44 3
4 4
5 4
20 4
21 4
44 4
47 4
5 5
6 5
21 5
22 5
47 5
49 5
6 6
7 6
8 6
22 6
39 6
49 6
7 7
8 7
39 7
60 7
224 7
8 8
9 8
22 8
224 8
232 8
9 9
10 9
22 9
25 9
231 9
232 9
10 10
11 10
25 10
27 10
230 10
231 10
11 11
12 11
27 11
28 11
229 11
230 11
12 12
13 12
14 12
28 12
197 12
229 12
13 13
14 13
197 13
213 13
14 14
15 14
28 14
15 15
16 15
26 15
28 15
16 16
17 16
23 16
26 16
17 17
18 17
19 17
23 17
18 18
19 18
19 19
20 19
23 19
20 20
21 20
23 20
24 20
21 21
22 21
24 21
25 21
22 22
25 22
23 23
24 23
26 23
24 24
25 24
26 24
27 24
25 25
27 25
26 26
27 26
28 26
27 27
28 27
28 28
29 29
30 29
40 29
30 30
31 30
40 30
41 30
31 31
32 31
41 31
42 31
32 32
33 32
42 32
43 32
33 33
34 33
35 33
43 33
34 34
35 34
50 34
71 34
35 35
36 35
43 35
50 35
61 35
36 36
37 36
43 36
46 36
61 36
65 36
37 37
38 37
46 37
48 37
65 37
68 37
38 38
39 38
48 38
49 38
68 38
70 38
39 39
49 39
60 39
70 39
40 40
41 40
44 40
41 41
42 41
44 41
45 41
42 42
43 42
45 42
46 42
43 43
46 43
44 44
45 44
47 44
45 45
46 45
47 45
48 45
46 46
48 46
47 47
48 47
49 47
48 48
49 48
49 49
50 50
51 50
61 50
71 50
82 50
51 51
52 51
61 51
62 51
82 51
86 51
52 52
53 52
62 52
63 52
86 52
89 52
53 53
54 53
63 53
64 53
89 53
91 53
54 54
55 54
56 54
64 54
81 54
91 54
55 55
56 55
81 55
102 55
249 55
56 56
57 56
64 56
57 57
58 57
64 57
67 57
58 58
59 58
67 58
69 58
59 59
60 59
69 59
70 59
60 60
70 60
61 61
62 61
65 61
62 62
63 62
65 62
66 62
63 63
64 63
66 63
67 63
64 64
67 64
65 65
66 65
68 65
66 66
67 66
68 66
69 66
67 67
69 67
68 68
69 68
70 68
69 69
70 69
70 70
71 71
72 71
82 71
72 72
73 72
82 72
83 72
73 73
74 73
83 73
84 73
74 74
75 74
84 74
85 74
75 75
76 75
77 75
85 75
76 76
77 76
92 76
113 76
77 77
78 77
85 77
92 77
103 77
78 78
79 78
85 78
88 78
103 78
107 78
79 79
80 79
88 79
90 79
107 79
110 79
80 80
81 80
90 80
91 80
110 80
112 80
81 81
91 81
102 81
112 81
82 82
83 82
86 82
83 83
84 83
86 83
87 83
84 84
85 84
87 84
88 84
85 85
88 85
86 86
87 86
89 86
87 87
88 87
89 87
90 87
88 88
90 88
89 89
90 89
91 89
90 90
91 90
91 91
92 92
93 92
103 92
113 92
124 92
93 93
94 93
103 93
104 93
124 93
128 93
94 94
95 94
104 94
105 94
128 94
131 94
95 95
96 95
105 95
106 95
131 95
133 95
96 96
97 96
98 96
106 96
123 96
133 96
97 97
98 97
123 97
144 97
239 97
260 97
98 98
99 98
106 98
239 98
253 98
99 99
100 99
106 99
109 99
252 99
253 99
100 100
101 100
109 100
111 100
251 100
252 100
101 101
102 101
111 101
112 101
250 101
251 101
102 102
112 102
249 102
250 102
103 103
104 103
107 103
104 104
105 104
107 104
108 104
105 105
106 105
108 105
109 105
106 106
109 106
107 107
108 107
110 107
108 108
109 108
110 108
111 108
109 109
111 109
110 110
111 110
112 110
111 111
112 111
112 112
113 113
114 113
124 113
114 114
115 114
124 114
125 114
115 115
116 115
125 115
126 115
116 116
117 116
126 116
127 116
117 117
118 117
119 117
127 117
118 118
119 118
134 118
155 118
119 119
120 119
127 119
134 119
145 119
120 120
121 120
127 120
130 120
145 120
149 120
121 121
122 121
130 121
132 121
149 121
152 121
122 122
123 122
132 122
133 122
152 122
154 122
123 123
133 123
144 123
154 123
124 124
125 124
128 124
125 125
126 125
128 125
129 125
126 126
127 126
129 126
130 126
127 127
130 127
128 128
129 128
131 128
129 129
130 129
131 129
132 129
130 130
132 130
131 131
132 131
133 131
132 132
133 132
133 133
134 134
135 134
145 134
155 134
166 134
135 135
136 135
145 135
146 135
166 135
170 135
136 136
137 136
146 136
147 136
170 136
173 136
137 137
138 137
147 137
148 137
173 137
175 137
138 138
139 138
140 138
148 138
165 138
175 138
139 139
140 139
165 139
186 139
281 139
297 139
140 140
141 140
148 140
141 141
142 141
148 141
151 141
142 142
143 142
151 142
153 142
143 143
144 143
153 143
154 143
144 144
154 144
145 145
146 145
149 145
146 146
147 146
149 146
150 146
147 147
148 147
150 147
151 147
148 148
151 148
149 149
150 149
152 149
150 150
151 150
152 150
153 150
151 151
153 151
152 152
153 152
154 152
153 153
154 153
154 154
155 155
156 155
166 155
156 156
157 156
166 156
167 156
157 157
158 157
167 157
168 157
158 158
159 158
168 158
169 158
159 159
160 159
161 159
169 159
160 160
161 160
176 160
161 161
162 161
169 161
176 161
187 161
162 162
163 162
169 162
172 162
187 162
191 162
163 163
164 163
172 163
174 163
191 163
194 163
164 164
165 164
174 164
175 164
194 164
196 164
165 165
175 165
186 165
196 165
166 166
167 166
170 166
167 167
168 167
170 167
171 167
168 168
169 168
171 168
172 168
169 169
172 169
170 170
171 170
173 170
171 171
172 171
173 171
174 171
172 172
174 172
173 173
174 173
175 173
174 174
175 174
175 175
176 176
177 176
187 176
177 177
178 177
187 177
188 177
178 178
179 178
188 178
189 178
179 179
180 179
189 179
190 179
180 180
181 180
182 180
190 180
181 181
182 181
308 181
182 182
183 182
190 182
308 182
316 182
183 183
184 183
190 183
193 183
315 183
316 183
184 184
185 184
193 184
195 184
314 184
315 184
185 185
186 185
195 185
196 185
313 185
314 185
186 186
196 186
281 186
313 186
187 187
188 187
191 187
188 188
189 188
191 188
192 188
189 189
190 189
192 189
193 189
190 190
193 190
191 191
192 191
194 191
192 192
193 192
194 192
195 192
193 193
195 193
194 194
195 194
196 194
195 195
196 195
196 196
197 197
198 197
213 197
214 197
229 197
198 198
199 198
214 198
215 198
229 198
233 198
199 199
200 199
215 199
216 199
233 199
236 199
200 200
201 200
216 200
217 200
236 200
238 200
201 201
202 201
203 201
217 201
228 201
238 201
202 202
203 202
228 202
323 202
344 202
365 202
203 203
204 203
217 203
323 203
337 203
204 204
205 204
217 204
220 204
336 204
337 204
205 205
206 205
220 205
222 205
335 205
336 205
206 206
207 206
222 206
223 206
334 206
335 206
207 207
208 207
209 207
223 207
333 207
334 207
208 208
209 208
333 208
209 209
210 209
223 209
210 210
211 210
221 210
223 210
211 211
212 211
218 211
221 211
212 212
213 212
214 212
218 212
213 213
214 213
214 214
215 214
218 214
215 215
216 215
218 215
219 215
216 216
217 216
219 216
220 216
217 217
220 217
218 218
219 218
221 218
219 219
220 219
221 219
222 219
220 220
222 220
221 221
222 221
223 221
222 222
223 222
223 223
224 224
225 224
232 224
225 225
226 225
232 225
235 225
226 226
227 226
235 226
237 226
227 227
228 227
237 227
238 227
228 228
238 228
229 229
230 229
233 229
230 230
231 230
233 230
234 230
231 231
232 231
234 231
235 231
232 232
235 232
233 233
234 233
236 233
234 234
235 234
236 234
237 234
235 235
237 235
236 236
237 236
238 236
237 237
238 237
238 238
239 239
240 239
253 239
260 239
271 239
240 240
241 240
253 240
256 240
271 240
275 240
241 241
242 241
256 241
258 241
275 241
278 241
242 242
243 242
258 242
259 242
278 242
280 242
243 243
244 243
245 243
259 243
270 243
280 243
244 244
245 244
270 244
369 244
370 244
385 244
245 245
246 245
259 245
246 246
247 246
257 246
259 246
247 247
248 247
254 247
257 247
248 248
249 248
250 248
254 248
249 249
250 249
250 250
251 250
254 250
251 251
252 251
254 251
255 251
252 252
253 252
255 252
256 252
253 253
256 253
254 254
255 254
257 254
255 255
256 255
257 255
258 255
256 256
258 256
257 257
258 257
259 257
258 258
259 258
259 259
260 260
261 260
271 260
261 261
262 261
271 261
272 261
262 262
263 262
272 262
273 262
263 263
264 263
273 263
274 263
264 264
265 264
266 264
274 264
265 265
266 265
406 265
421 265
442 265
266 266
267 266
274 266
406 266
414 266
267 267
268 267
274 267
277 267
413 267
414 267
268 268
269 268
277 268
279 268
412 268
413 268
269 269
270 269
279 269
280 269
411 269
412 269
270 270
280 270
385 270
411 270
271 271
272 271
275 271
272 272
273 272
275 272
276 272
273 273
274 273
276 273
277 273
274 274
277 274
275 275
276 275
278 275
276 276
277 276
278 276
279 276
277 277
279 277
278 278
279 278
280 278
279 279
280 279
280 280
281 281
282 281
297 281
298 281
313 281
282 282
283 282
298 282
299 282
313 282
317 282
283 283
284 283
299 283
300 283
317 283
320 283
284 284
285 284
300 284
301 284
320 284
322 284
285 285
286 285
287 285
301 285
312 285
322 285
286 286
287 286
312 286
483 286
498 286
287 287
288 287
301 287
483 287
491 287
288 288
289 288
301 288
304 288
490 288
491 288
289 289
290 289
304 289
306 289
489 289
490 289
290 290
291 290
306 290
307 290
488 290
489 290
291 291
292 291
293 291
307 291
462 291
488 291
292 292
293 292
446 292
447 292
462 292
293 293
294 293
307 293
294 294
295 294
305 294
307 294
295 295
296 295
302 295
305 295
296 296
297 296
298 296
302 296
297 297
298 297
298 298
299 298
302 298
299 299
300 299
302 299
303 299
300 300
301 300
303 300
304 300
301 301
304 301
302 302
303 302
305 302
303 303
304 303
305 303
306 303
304 304
306 304
305 305
306 305
307 305
306 306
307 306
307 307
308 308
309 308
316 308
309 309
310 309
316 309
319 309
310 310
311 310
319 310
321 310
311 311
312 311
321 311
322 311
312 312
322 312
313 313
314 313
317 313
314 314
315 314
317 314
318 314
315 315
316 315
318 315
319 315
316 316
319 316
317 317
318 317
320 317
318 318
319 318
320 318
321 318
319 319
321 319
320 320
321 320
322 320
321 321
322 321
322 322
323 323
324 323
337 323
344 323
355 323
324 324
325 324
337 324
340 324
355 324
359 324
325 325
326 325
340 325
342 325
359 325
362 325
326 326
327 326
342 326
343 326
362 326
364 326
327 327
328 327
329 327
343 327
354 327
364 327
328 328
329 328
354 328
519 328
535 328
329 329
330 329
343 329
330 330
331 330
341 330
343 330
331 331
332 331
338 331
341 331
332 332
333 332
334 332
338 332
333 333
334 333
334 334
335 334
338 334
335 335
336 335
338 335
339 335
336 336
337 336
339 336
340 336
337 337
340 337
338 338
339 338
341 338
339 339
340 339
341 339
342 339
340 340
342 340
341 341
342 341
343 341
342 342
343 342
343 343
344 344
345 344
355 344
365 344
375 344
345 345
346 345
355 345
356 345
375 345
379 345
346 346
347 346
356 346
357 346
379 346
382 346
347 347
348 347
357 347
358 347
382 347
384 347
348 348
349 348
350 348
358 348
374 348
384 348
349 349
350 349
374 349
395 349
546 349
350 350
351 350
358 350
546 350
554 350
351 351
352 351
358 351
361 351
553 351
554 351
352 352
353 352
361 352
363 352
552 352
553 352
353 353
354 353
363 353
364 353
551 353
552 353
354 354
364 354
519 354
551 354
355 355
356 355
359 355
356 356
357 356
359 356
360 356
357 357
358 357
360 357
361 357
358 358
361 358
359 359
360 359
362 359
360 360
361 360
362 360
363 360
361 361
363 361
362 362
363 362
364 362
363 363
364 363
364 364
365 365
366 365
375 365
366 366
367 366
375 366
376 366
367 367
368 367
376 367
377 367
368 368
369 368
377 368
378 368
369 369
370 369
378 369
370 370
371 370
378 370
385 370
396 370
371 371
372 371
378 371
381 371
396 371
400 371
372 372
373 372
381 372
383 372
400 372
403 372
373 373
374 373
383 373
384 373
403 373
405 373
374 374
384 374
395 374
405 374
375 375
376 375
379 375
376 376
377 376
379 376
380 376
377 377
378 377
380 377
381 377
378 378
381 378
379 379
380 379
382 379
380 380
381 380
382 380
383 380
381 381
383 381
382 382
383 382
384 382
383 383
384 383
384 384
385 385
386 385
396 385
411 385
386 386
387 386
396 386
397 386
411 386
415 386
387 387
388 387
397 387
398 387
415 387
418 387
388 388
389 388
398 388
399 388
418 388
420 388
389 389
390 389
391 389
399 389
410 389
420 389
390 390
391 390
410 390
431 390
561 390
577 390
391 391
392 391
399 391
392 392
393 392
399 392
402 392
393 393
394 393
402 393
404 393
394 394
395 394
404 394
405 394
395 395
405 395
396 396
397 396
400 396
397 397
398 397
400 397
401 397
398 398
399 398
401 398
402 398
399 399
402 399
400 400
401 400
403 400
401 401
402 401
403 401
404 401
402 402
404 402
403 403
404 403
405 403
404 404
405 404
405 405
406 406
407 406
414 406
421 406
432 406
407 407
408 407
414 407
417 407
432 407
436 407
408 408
409 408
417 408
419 408
436 408
439 408
409 409
410 409
419 409
420 409
439 409
441 409
410 410
420 410
431 410
441 410
411 411
412 411
415 411
412 412
413 412
415 412
416 412
413 413
414 413
416 413
417 413
414 414
417 414
415 415
416 415
418 415
416 416
417 416
418 416
419 416
417 417
419 417
418 418
419 418
420 418
419 419
420 419
420 420
421 421
422 421
432 421
442 421
452 421
422 422
423 422
432 422
433 422
452 422
456 422
423 423
424 423
433 423
434 423
456 423
459 423
424 424
425 424
434 424
435 424
459 424
461 424
425 425
426 425
427 425
435 425
451 425
461 425
426 426
427 426
451 426
472 426
588 426
427 427
428 427
435 427
588 427
596 427
428 428
429 428
435 428
438 428
595 428
596 428
429 429
430 429
438 429
440 429
594 429
595 429
430 430
431 430
440 430
441 430
593 430
594 430
431 431
441 431
561 431
593 431
432 432
433 432
436 432
433 433
434 433
436 433
437 433
434 434
435 434
437 434
438 434
435 435
438 435
436 436
437 436
439 436
437 437
438 437
439 437
440 437
438 438
440 438
439 439
440 439
441 439
440 440
441 440
441 441
442 442
443 442
452 442
443 443
444 443
452 443
453 443
444 444
445 444
453 444
454 444
445 445
446 445
454 445
455 445
446 446
447 446
455 446
447 447
448 447
455 447
462 447
473 447
448 448
449 448
455 448
458 448
473 448
477 448
449 449
450 449
458 449
460 449
477 449
480 449
450 450
451 450
460 450
461 450
480 450
482 450
451 451
461 451
472 451
482 451
452 452
453 452
456 452
453 453
454 453
456 453
457 453
454 454
455 454
457 454
458 454
455 455
458 455
456 456
457 456
459 456
457 457
458 457
459 457
460 457
458 458
460 458
459 459
460 459
461 459
460 460
461 460
461 461
462 462
463 462
473 462
488 462
463 463
464 463
473 463
474 463
488 463
492 463
464 464
465 464
474 464
475 464
492 464
495 464
465 465
466 465
475 465
476 465
495 465
497 465
466 466
467 466
468 466
476 466
487 466
497 466
467 467
468 467
487 467
508 467
613 467
468 468
469 468
476 468
469 469
470 469
476 469
479 469
470 470
471 470
479 470
481 470
471 471
472 471
481 471
482 471
472 472
482 472
473 473
474 473
477 473
474 474
475 474
477 474
478 474
475 475
476 475
478 475
479 475
476 476
479 476
477 477
478 477
480 477
478 478
479 478
480 478
481 478
479 479
481 479
480 480
481 480
482 480
481 481
482 481
482 482
483 483
484 483
491 483
498 483
509 483
484 484
485 484
491 484
494 484
509 484
513 484
485 485
486 485
494 485
496 485
513 485
516 485
486 486
487 486
496 486
497 486
516 486
518 486
487 487
497 487
508 487
518 487
488 488
489 488
492 488
489 489
490 489
492 489
493 489
490 490
491 490
493 490
494 490
491 491
494 491
492 492
493 492
495 492
493 493
494 493
495 493
496 493
494 494
496 494
495 495
496 495
497 495
496 496
497 496
497 497
498 498
499 498
509 498
499 499
500 499
509 499
510 499
500 500
501 500
510 500
511 500
501 501
502 501
511 501
512 501
502 502
503 502
504 502
512 502
503 503
504 503
603 503
624 503
504 504
505 504
512 504
603 504
617 504
505 505
506 505
512 505
515 505
616 505
617 505
506 506
507 506
515 506
517 506
615 506
616 506
507 507
508 507
517 507
518 507
614 507
615 507
508 508
518 508
613 508
614 508
509 509
510 509
513 509
510 510
511 510
513 510
514 510
511 511
512 511
514 511
515 511
512 512
515 512
513 513
514 513
516 513
514 514
515 514
516 514
517 514
515 515
517 515
516 516
517 516
518 516
517 517
518 517
518 518
519 519
520 519
535 519
536 519
551 519
520 520
521 520
536 520
537 520
551 520
555 520
521 521
522 521
537 521
538 521
555 521
558 521
522 522
523 522
538 522
539 522
558 522
560 522
523 523
524 523
525 523
539 523
550 523
560 523
524 524
525 524
550 524
672 524
687 524
708 524
525 525
526 525
539 525
672 525
680 525
526 526
527 526
539 526
542 526
679 526
680 526
527 527
528 527
542 527
544 527
678 527
679 527
528 528
529 528
544 528
545 528
677 528
678 528
529 529
530 529
531 529
545 529
645 529
677 529
530 530
531 530
645 530
661 530
531 531
532 531
545 531
532 532
533 532
543 532
545 532
533 533
534 533
540 533
543 533
534 534
535 534
536 534
540 534
535 535
536 535
536 536
537 536
540 536
537 537
538 537
540 537
541 537
538 538
539 538
541 538
542 538
539 539
542 539
540 540
541 540
543 540
541 541
542 541
543 541
544 541
542 542
544 542
543 543
544 543
545 543
544 544
545 544
545 545
546 546
547 546
554 546
547 547
548 547
554 547
557 547
548 548
549 548
557 548
559 548
549 549
550 549
559 549
560 549
550 550
560 550
551 551
552 551
555 551
552 552
553 552
555 552
556 552
553 553
554 553
556 553
557 553
554 554
557 554
555 555
556 555
558 555
556 556
557 556
558 556
559 556
557 557
559 557
558 558
559 558
560 558
559 559
560 559
560 560
561 561
562 561
577 561
578 561
593 561
562 562
563 562
578 562
579 562
593 562
597 562
563 563
564 563
579 563
580 563
597 563
600 563
564 564
565 564
580 564
581 564
600 564
602 564
565 565
566 565
567 565
581 565
592 565
602 565
566 566
567 566
592 566
749 566
764 566
785 566
567 567
568 567
581 567
749 567
757 567
568 568
569 568
581 568
584 568
756 568
757 568
569 569
570 569
584 569
586 569
755 569
756 569
570 570
571 570
586 570
587 570
754 570
755 570
571 571
572 571
573 571
587 571
728 571
754 571
572 572
573 572
712 572
713 572
728 572
573 573
574 573
587 573
574 574
575 574
585 574
587 574
575 575
576 575
582 575
585 575
576 576
577 576
578 576
582 576
577 577
578 577
578 578
579 578
582 578
579 579
580 579
582 579
583 579
580 580
581 580
583 580
584 580
581 581
584 581
582 582
583 582
585 582
583 583
584 583
585 583
586 583
584 584
586 584
585 585
586 585
587 585
586 586
587 586
587 587
588 588
589 588
596 588
589 589
590 589
596 589
599 589
590 590
591 590
599 590
601 590
591 591
592 591
601 591
602 591
592 592
602 592
593 593
594 593
597 593
594 594
595 594
597 594
598 594
595 595
596 595
598 595
599 595
596 596
599 596
597 597
598 597
600 597
598 598
599 598
600 598
601 598
599 599
601 599
600 600
601 600
602 600
601 601
602 601
602 602
603 603
604 603
617 603
624 603
635 603
604 604
605 604
617 604
620 604
635 604
639 604
605 605
606 605
620 605
622 605
639 605
642 605
606 606
607 606
622 606
623 606
642 606
644 606
607 607
608 607
609 607
623 607
634 607
644 607
608 608
609 608
634 608
789 608
790 608
805 608
609 609
610 609
623 609
610 610
611 610
621 610
623 610
611 611
612 611
618 611
621 611
612 612
613 612
614 612
618 612
613 613
614 613
614 614
615 614
618 614
615 615
616 615
618 615
619 615
616 616
617 616
619 616
620 616
617 617
620 617
618 618
619 618
621 618
619 619
620 619
621 619
622 619
620 620
622 620
621 621
622 621
623 621
622 622
623 622
623 623
624 624
625 624
635 624
625 625
626 625
635 625
636 625
626 626
627 626
636 626
637 626
627 627
628 627
637 627
638 627
628 628
629 628
630 628
638 628
629 629
630 629
826 629
630 630
631 630
638 630
826 630
834 630
631 631
632 631
638 631
641 631
833 631
834 631
632 632
633 632
641 632
643 632
832 632
833 632
633 633
634 633
643 633
644 633
831 633
832 633
634 634
644 634
805 634
831 634
635 635
636 635
639 635
636 636
637 636
639 636
640 636
637 637
638 637
640 637
641 637
638 638
641 638
639 639
640 639
642 639
640 640
641 640
642 640
643 640
641 641
643 641
642 642
643 642
644 642
643 643
644 643
644 644
645 645
646 645
661 645
662 645
677 645
646 646
647 646
662 646
663 646
677 646
681 646
647 647
648 647
663 647
664 647
681 647
684 647
648 648
649 648
664 648
665 648
684 648
686 648
649 649
650 649
651 649
665 649
676 649
686 649
650 650
651 650
676 650
697 650
868 650
651 651
652 651
665 651
868 651
876 651
652 652
653 652
665 652
668 652
875 652
876 652
653 653
654 653
668 653
670 653
874 653
875 653
654 654
655 654
670 654
671 654
873 654
874 654
655 655
656 655
657 655
671 655
841 655
873 655
656 656
657 656
841 656
857 656
657 657
658 657
671 657
658 658
659 658
669 658
671 658
659 659
660 659
666 659
669 659
660 660
661 660
662 660
666 660
661 661
662 661
662 662
663 662
666 662
663 663
664 663
666 663
667 663
664 664
665 664
667 664
668 664
665 665
668 665
666 666
667 666
669 666
667 667
668 667
669 667
670 667
668 668
670 668
669 669
670 669
671 669
670 670
671 670
671 671
672 672
673 672
680 672
687 672
698 672
673 673
674 673
680 673
683 673
698 673
702 673
674 674
675 674
683 674
685 674
702 674
705 674
675 675
676 675
685 675
686 675
705 675
707 675
676 676
686 676
697 676
707 676
677 677
678 677
681 677
678 678
679 678
681 678
682 678
679 679
680 679
682 679
683 679
680 680
683 680
681 681
682 681
684 681
682 682
683 682
684 682
685 682
683 683
685 683
684 684
685 684
686 684
685 685
686 685
686 686
687 687
688 687
698 687
708 687
718 687
688 688
689 688
698 688
699 688
718 688
722 688
689 689
690 689
699 689
700 689
722 689
725 689
690 690
691 690
700 690
701 690
725 690
727 690
691 691
692 691
693 691
701 691
717 691
727 691
692 692
693 692
717 692
738 692
893 692
693 693
694 693
701 693
694 694
695 694
701 694
704 694
695 695
696 695
704 695
706 695
696 696
697 696
706 696
707 696
697 697
707 697
698 698
699 698
702 698
699 699
700 699
702 699
703 699
700 700
701 700
703 700
704 700
701 701
704 701
702 702
703 702
705 702
703 703
704 703
705 703
706 703
704 704
706 704
705 705
706 705
707 705
706 706
707 706
707 707
708 708
709 708
718 708
709 709
710 709
718 709
719 709
710 710
711 710
719 710
720 710
711 711
712 711
720 711
721 711
712 712
713 712
721 712
713 713
714 713
721 713
728 713
739 713
714 714
715 714
721 714
724 714
739 714
743 714
715 715
716 715
724 715
726 715
743 715
746 715
716 716
717 716
726 716
727 716
746 716
748 716
717 717
727 717
738 717
748 717
718 718
719 718
722 718
719 719
720 719
722 719
723 719
720 720
721 720
723 720
724 720
721 721
724 721
722 722
723 722
725 722
723 723
724 723
725 723
726 723
724 724
726 724
725 725
726 725
727 725
726 726
727 726
727 727
728 728
729 728
739 728
754 728
729 729
730 729
739 729
740 729
754 729
758 729
730 730
731 730
740 730
741 730
758 730
761 730
731 731
732 731
741 731
742 731
761 731
763 731
732 732
733 732
734 732
742 732
753 732
763 732
733 733
734 733
753 733
774 733
883 733
904 733
734 734
735 734
742 734
883 734
897 734
735 735
736 735
742 735
745 735
896 735
897 735
736 736
737 736
745 736
747 736
895 736
896 736
737 737
738 737
747 737
748 737
894 737
895 737
738 738
748 738
893 738
894 738
739 739
740 739
743 739
740 740
741 740
743 740
744 740
741 741
742 741
744 741
745 741
742 742
745 742
743 743
744 743
746 743
744 744
745 744
746 744
747 744
745 745
747 745
746 746
747 746
748 746
747 747
748 747
748 748
749 749
750 749
757 749
764 749
775 749
750 750
751 750
757 750
760 750
775 750
779 750
751 751
752 751
760 751
762 751
779 751
782 751
752 752
753 752
762 752
763 752
782 752
784 752
753 753
763 753
774 753
784 753
754 754
755 754
758 754
755 755
756 755
758 755
759 755
756 756
757 756
759 756
760 756
757 757
760 757
758 758
759 758
761 758
759 759
760 759
761 759
762 759
760 760
762 760
761 761
762 761
763 761
762 762
763 762
763 763
764 764
765 764
775 764
785 764
795 764
765 765
766 765
775 765
776 765
795 765
799 765
766 766
767 766
776 766
777 766
799 766
802 766
767 767
768 767
777 767
778 767
802 767
804 767
768 768
769 768
770 768
778 768
794 768
804 768
769 769
770 769
794 769
815 769
925 769
941 769
770 770
771 770
778 770
771 771
772 771
778 771
781 771
772 772
773 772
781 772
783 772
773 773
774 773
783 773
784 773
774 774
784 774
775 775
776 775
779 775
776 776
777 776
779 776
780 776
777 777
778 777
780 777
781 777
778 778
781 778
779 779
780 779
782 779
780 780
781 780
782 780
783 780
781 781
783 781
782 782
783 782
784 782
783 783
784 783
784 784
785 785
786 785
795 785
786 786
787 786
795 786
796 786
787 787
788 787
796 787
797 787
788 788
789 788
797 788
798 788
789 789
790 789
798 789
790 790
791 790
798 790
805 790
816 790
791 791
792 791
798 791
801 791
816 791
820 791
792 792
793 792
801 792
803 792
820 792
823 792
793 793
794 793
803 793
804 793
823 793
825 793
794 794
804 794
815 794
825 794
795 795
796 795
799 795
796 796
797 796
799 796
800 796
797 797
798 797
800 797
801 797
798 798
801 798
799 799
800 799
802 799
800 800
801 800
802 800
803 800
801 801
803 801
802 802
803 802
804 802
803 803
804 803
804 804
805 805
806 805
816 805
831 805
806 806
807 806
816 806
817 806
831 806
835 806
807 807
808 807
817 807
818 807
835 807
838 807
808 808
809 808
818 808
819 808
838 808
840 808
809 809
810 809
811 809
819 809
830 809
840 809
810 810
811 810
830 810
952 810
811 811
812 811
819 811
952 811
960 811
812 812
813 812
819 812
822 812
959 812
960 812
813 813
814 813
822 813
824 813
958 813
959 813
814 814
815 814
824 814
825 814
957 814
958 814
815 815
825 815
925 815
957 815
816 816
817 816
820 816
817 817
818 817
820 817
821 817
818 818
819 818
821 818
822 818
819 819
822 819
820 820
821 820
823 820
821 821
822 821
823 821
824 821
822 822
824 822
823 823
824 823
825 823
824 824
825 824
825 825
826 826
827 826
834 826
827 827
828 827
834 827
837 827
828 828
829 828
837 828
839 828
829 829
830 829
839 829
840 829
830 830
840 830
831 831
832 831
835 831
832 832
833 832
835 832
836 832
833 833
834 833
836 833
837 833
834 834
837 834
835 835
836 835
838 835
836 836
837 836
838 836
839 836
837 837
839 837
838 838
839 838
840 838
839 839
840 839
840 840
841 841
842 841
857 841
858 841
873 841
842 842
843 842
858 842
859 842
873 842
877 842
843 843
844 843
859 843
860 843
877 843
880 843
844 844
845 844
860 844
861 844
880 844
882 844
845 845
846 845
847 845
861 845
872 845
882 845
846 846
847 846
872 846
967 846
988 846
1009 846
847 847
848 847
861 847
967 847
981 847
848 848
849 848
861 848
864 848
980 848
981 848
849 849
850 849
864 849
866 849
979 849
980 849
850 850
851 850
866 850
867 850
978 850
979 850
851 851
852 851
853 851
867 851
977 851
978 851
852 852
853 852
977 852
853 853
854 853
867 853
854 854
855 854
865 854
867 854
855 855
856 855
862 855
865 855
856 856
857 856
858 856
862 856
857 857
858 857
858 858
859 858
862 858
859 859
860 859
862 859
863 859
860 860
861 860
863 860
864 860
861 861
864 861
862 862
863 862
865 862
863 863
864 863
865 863
866 863
864 864
866 864
865 865
866 865
867 865
866 866
867 866
867 867
868 868
869 868
876 868
869 869
870 869
876 869
879 869
870 870
871 870
879 870
881 870
871 871
872 871
881 871
882 871
872 872
882 872
873 873
874 873
877 873
874 874
875 874
877 874
878 874
875 875
876 875
878 875
879 875
876 876
879 876
877 877
878 877
880 877
878 878
879 878
880 878
881 878
879 879
881 879
880 880
881 880
882 880
881 881
882 881
882 882
883 883
884 883
897 883
904 883
915 883
884 884
885 884
897 884
900 884
915 884
919 884
885 885
886 885
900 885
902 885
919 885
922 885
886 886
887 886
902 886
903 886
922 886
924 886
887 887
888 887
889 887
903 887
914 887
924 887
888 888
889 888
914 888
1013 888
1014 888
1029 888
889 889
890 889
903 889
890 890
891 890
901 890
903 890
891 891
892 891
898 891
901 891
892 892
893 892
894 892
898 892
893 893
894 893
894 894
895 894
898 894
895 895
896 895
898 895
899 895
896 896
897 896
899 896
900 896
897 897
900 897
898 898
899 898
901 898
899 899
900 899
901 899
902 899
900 900
902 900
901 901
902 901
903 901
902 902
903 902
903 903
904 904
905 904
915 904
905 905
906 905
915 905
916 905
906 906
907 906
916 906
917 906
907 907
908 907
917 907
918 907
908 908
909 908
910 908
918 908
909 909
910 909
1050 909
1065 909
1086 909
910 910
911 910
918 910
1050 910
1058 910
911 911
912 911
918 911
921 911
1057 911
1058 911
912 912
913 912
921 912
923 912
1056 912
1057 912
913 913
914 913
923 913
924 913
1055 913
1056 913
914 914
924 914
1029 914
1055 914
915 915
916 915
919 915
916 916
917 916
919 916
920 916
917 917
918 917
920 917
921 917
918 918
921 918
919 919
920 919
922 919
920 920
921 920
922 920
923 920
921 921
923 921
922 922
923 922
924 922
923 923
924 923
924 924
925 925
926 925
941 925
942 925
957 925
926 926
927 926
942 926
943 926
957 926
961 926
927 927
928 927
943 927
944 927
961 927
964 927
928 928
929 928
944 928
945 928
964 928
966 928
929 929
930 929
931 929
945 929
956 929
966 929
930 930
931 930
956 930
1127 930
931 931
932 931
945 931
1127 931
1135 931
932 932
933 932
945 932
948 932
1134 932
1135 932
933 933
934 933
948 933
950 933
1133 933
1134 933
934 934
935 934
950 934
951 934
1132 934
1133 934
935 935
936 935
937 935
951 935
1106 935
1132 935
936 936
937 936
1090 936
1091 936
1106 936
937 937
938 937
951 937
938 938
939 938
949 938
951 938
939 939
940 939
946 939
949 939
940 940
941 940
942 940
946 940
941 941
942 941
942 942
943 942
946 942
943 943
944 943
946 943
947 943
944 944
945 944
947 944
948 944
945 945
948 945
946 946
947 946
949 946
947 947
948 947
949 947
950 947
948 948
950 948
949 949
950 949
951 949
950 950
951 950
951 951
952 952
953 952
960 952
953 953
954 953
960 953
963 953
954 954
955 954
963 954
965 954
955 955
956 955
965 955
966 955
956 956
966 956
957 957
958 957
961 957
958 958
959 958
961 958
962 958
959 959
960 959
962 959
963 959
960 960
963 960
961 961
962 961
964 961
962 962
963 962
964 962
965 962
963 963
965 963
964 964
965 964
966 964
965 965
966 965
966 966
967 967
968 967
981 967
988 967
1002 967
968 968
969 968
981 968
984 968
1001 968
1002 968
969 969
970 969
984 969
986 969
1000 969
1001 969
970 970
971 970
986 970
987 970
999 970
1000 970
971 971
972 971
973 971
987 971
998 971
999 971
972 972
973 972
998 972
973 973
974 973
987 973
974 974
975 974
985 974
987 974
975 975
976 975
982 975
985 975
976 976
977 976
978 976
982 976
977 977
978 977
978 978
979 978
982 978
979 979
980 979
982 979
983 979
980 980
981 980
983 980
984 980
981 981
984 981
982 982
983 982
985 982
983 983
984 983
985 983
986 983
984 984
986 984
985 985
986 985
987 985
986 986
987 986
987 987
988 988
989 988
1002 988
1009 988
1019 988
989 989
990 989
1002 989
1005 989
1019 989
1023 989
990 990
991 990
1005 990
1007 990
1023 990
1026 990
991 991
992 991
1007 991
1008 991
1026 991
1028 991
992 992
993 992
994 992
1008 992
1018 992
1028 992
993 993
994 993
1018 993
1039 993
994 994
995 994
1008 994
995 995
996 995
1006 995
1008 995
996 996
997 996
1003 996
1006 996
997 997
998 997
999 997
1003 997
998 998
999 998
999 999
1000 999
1003 999
1000 1000
1001 1000
1003 1000
1004 1000
1001 1001
1002 1001
1004 1001
1005 1001
1002 1002
1005 1002
1003 1003
1004 1003
1006 1003
1004 1004
1005 1004
1006 1004
1007 1004
1005 1005
1007 1005
1006 1006
1007 1006
1008 1006
1007 1007
1008 1007
1008 1008
1009 1009
1010 1009
1019 1009
1010 1010
1011 1010
1019 1010
1020 1010
1011 1011
1012 1011
1020 1011
1021 1011
1012 1012
1013 1012
1021 1012
1022 1012
1013 1013
1014 1013
1022 1013
1014 1014
1015 1014
1022 1014
1029 1014
1040 1014
1015 1015
1016 1015
1022 1015
1025 1015
1040 1015
1044 1015
1016 1016
1017 1016
1025 1016
1027 1016
1044 1016
1047 1016
1017 1017
1018 1017
1027 1017
1028 1017
1047 1017
1049 1017
1018 1018
1028 1018
1039 1018
1049 1018
1019 1019
1020 1019
1023 1019
1020 1020
1021 1020
1023 1020
1024 1020
1021 1021
1022 1021
1024 1021
1025 1021
1022 1022
1025 1022
1023 1023
1024 1023
1026 1023
1024 1024
1025 1024
1026 1024
1027 1024
1025 1025
1027 1025
1026 1026
1027 1026
1028 1026
1027 1027
1028 1027
1028 1028
1029 1029
1030 1029
1040 1029
1055 1029
1030 1030
1031 1030
1040 1030
1041 1030
1055 1030
1059 1030
1031 1031
1032 1031
1041 1031
1042 1031
1059 1031
1062 1031
1032 1032
1033 1032
1042 1032
1043 1032
1062 1032
1064 1032
1033 1033
1034 1033
1035 1033
1043 1033
1054 1033
1064 1033
1034 1034
1035 1034
1054 1034
1075 1034
1035 1035
1036 1035
1043 1035
1036 1036
1037 1036
1043 1036
1046 1036
1037 1037
1038 1037
1046 1037
1048 1037
1038 1038
1039 1038
1048 1038
1049 1038
1039 1039
1049 1039
1040 1040
1041 1040
1044 1040
1041 1041
1042 1041
1044 1041
1045 1041
1042 1042
1043 1042
1045 1042
1046 1042
1043 1043
1046 1043
1044 1044
1045 1044
1047 1044
1045 1045
1046 1045
1047 1045
1048 1045
1046 1046
1048 1046
1047 1047
1048 1047
1049 1047
1048 1048
1049 1048
1049 1049
1050 1050
1051 1050
1058 1050
1065 1050
1076 1050
1051 1051
1052 1051
1058 1051
1061 1051
1076 1051
1080 1051
1052 1052
1053 1052
1061 1052
1063 1052
1080 1052
1083 1052
1053 1053
1054 1053
1063 1053
1064 1053
1083 1053
1085 1053
1054 1054
1064 1054
1075 1054
1085 1054
1055 1055
1056 1055
1059 1055
1056 1056
1057 1056
1059 1056
1060 1056
1057 1057
1058 1057
1060 1057
1061 1057
1058 1058
1061 1058
1059 1059
1060 1059
1062 1059
1060 1060
1061 1060
1062 1060
1063 1060
1061 1061
1063 1061
1062 1062
1063 1062
1064 1062
1063 1063
1064 1063
1064 1064
1065 1065
1066 1065
1076 1065
1086 1065
1096 1065
1066 1066
1067 1066
1076 1066
1077 1066
1096 1066
1100 1066
1067 1067
1068 1067
1077 1067
1078 1067
1100 1067
1103 1067
1068 1068
1069 1068
1078 1068
1079 1068
1103 1068
1105 1068
1069 1069
1070 1069
1071 1069
1079 1069
1095 1069
1105 1069
1070 1070
1071 1070
1095 1070
1116 1070
1071 1071
1072 1071
1079 1071
1072 1072
1073 1072
1079 1072
1082 1072
1073 1073
1074 1073
1082 1073
1084 1073
1074 1074
1075 1074
1084 1074
1085 1074
1075 1075
1085 1075
1076 1076
1077 1076
1080 1076
1077 1077
1078 1077
1080 1077
1081 1077
1078 1078
1079 1078
1081 1078
1082 1078
1079 1079
1082 1079
1080 1080
1081 1080
1083 1080
1081 1081
1082 1081
1083 1081
1084 1081
1082 1082
1084 1082
1083 1083
1084 1083
1085 1083
1084 1084
1085 1084
1085 1085
1086 1086
1087 1086
1096 1086
1087 1087
1088 1087
1096 1087
1097 1087
1088 1088
1089 1088
1097 1088
1098 1088
1089 1089
1090 1089
1098 1089
1099 1089
1090 1090
1091 1090
1099 1090
1091 1091
1092 1091
1099 1091
1106 1091
1117 1091
1092 1092
1093 1092
1099 1092
1102 1092
1117 1092
1121 1092
1093 1093
1094 1093
1102 1093
1104 1093
1121 1093
1124 1093
1094 1094
1095 1094
1104 1094
1105 1094
1124 1094
1126 1094
1095 1095
1105 1095
1116 1095
1126 1095
1096 1096
1097 1096
1100 1096
1097 1097
1098 1097
1100 1097
1101 1097
1098 1098
1099 1098
1101 1098
1102 1098
1099 1099
1102 1099
1100 1100
1101 1100
1103 1100
1101 1101
1102 1101
1103 1101
1104 1101
1102 1102
1104 1102
1103 1103
1104 1103
1105 1103
1104 1104
1105 1104
1105 1105
1106 1106
1107 1106
1117 1106
1132 1106
1107 1107
1108 1107
1117 1107
1118 1107
1132 1107
1136 1107
1108 1108
1109 1108
1118 1108
1119 1108
1136 1108
1139 1108
1109 1109
1110 1109
1119 1109
1120 1109
1139 1109
1141 1109
1110 1110
1111 1110
1112 1110
1120 1110
1131 1110
1141 1110
1111 1111
1112 1111
1131 1111
1112 1112
1113 1112
1120 1112
1113 1113
1114 1113
1120 1113
1123 1113
1114 1114
1115 1114
1123 1114
1125 1114
1115 1115
1116 1115
1125 1115
1126 1115
1116 1116
1126 1116
1117 1117
1118 1117
1121 1117
1118 1118
1119 1118
1121 1118
1122 1118
1119 1119
1120 1119
1122 1119
1123 1119
1120 1120
1123 1120
1121 1121
1122 1121
1124 1121
1122 1122
1123 1122
1124 1122
1125 1122
1123 1123
1125 1123
1124 1124
1125 1124
1126 1124
1125 1125
1126 1125
1126 1126
1127 1127
1128 1127
1135 1127
1128 1128
1129 1128
1135 1128
1138 1128
1129 1129
1130 1129
1138 1129
1140 1129
1130 1130
1131 1130
1140 1130
1141 1130
1131 1131
1141 1131
1132 1132
1133 1132
1136 1132
1133 1133
1134 1133
1136 1133
1137 1133
1134 1134
1135 1134
1137 1134
1138 1134
1135 1135
1138 1135
1136 1136
1137 1136
1139 1136
1137 1137
1138 1137
1139 1137
1140 1137
1138 1138
1140 1138
1139 1139
1140 1139
1141 1139
1140 1140
1141 1140
1141 1141
